quad #0 layer=""
  orig points: (-819200,-614400) (819200,-614400) (-819200,614400) (819200,614400) (0,0)
  mirr points: (-473088,-614400) (1165312,-614400) (-473088,614400) (1165312,614400) (346112,0)
  orig tex: (0,-4) (1024,-4) (0,1024) (1024,1024)
  mirr tex: (1024,-4) (0,-4) (1024,1024) (0,1024)
quad #1 layer=""
  orig points: (-902878,-225946) (-891342,-225946) (-902878,-214410) (-891342,-214410) (-897110,-220178)
  mirr points: (1237454,-225946) (1248990,-225946) (1237454,-214410) (1248990,-214410) (1243222,-220178)
  orig tex: (0,0) (1024,0) (0,1024) (1024,1024)
  mirr tex: (1024,0) (0,0) (1024,1024) (0,1024)
quad #2 layer=""
  orig points: (-852346,-150541) (-840810,-150541) (-852346,-139005) (-840810,-139005) (-846578,-144773)
  mirr points: (1186922,-150541) (1198458,-150541) (1186922,-139005) (1198458,-139005) (1192690,-144773)
  orig tex: (0,0) (1024,0) (0,1024) (1024,1024)
  mirr tex: (1024,0) (0,0) (1024,1024) (0,1024)
quad #3 layer=""
  orig points: (-765308,-291471) (-765308,-279935) (-776844,-291471) (-776844,-279935) (-771076,-285703)
  mirr points: (1111420,-279935) (1111420,-291471) (1122956,-279935) (1122956,-291471) (1117188,-285703)
  orig tex: (0,0) (1024,0) (0,1024) (1024,1024)
  mirr tex: (1024,0) (0,0) (1024,1024) (0,1024)
quad #4 layer=""
  orig points: (-826330,-363594) (-837866,-363594) (-826330,-375130) (-837866,-375130) (-832098,-369362)
  mirr points: (1183978,-363594) (1172442,-363594) (1183978,-375130) (1172442,-375130) (1178210,-369362)
  orig tex: (0,0) (1024,0) (0,1024) (1024,1024)
  mirr tex: (1024,0) (0,0) (1024,1024) (0,1024)
quad #5 layer=""
  orig points: (-805771,-430771) (-788235,-430773) (-805771,-413237) (-788235,-413237) (-797003,-422005)
  mirr points: (1134347,-430773) (1151883,-430771) (1134347,-413237) (1151883,-413237) (1143115,-422005)
  orig tex: (0,0) (1024,0) (0,1024) (1024,1024)
  mirr tex: (1024,0) (0,0) (1024,1024) (0,1024)
quad #6 layer=""
  orig points: (-847211,-270102) (-847212,-287637) (-829676,-270103) (-829676,-287638) (-838444,-278869)
  mirr points: (1193324,-287637) (1193323,-270102) (1175788,-287638) (1175788,-270103) (1184556,-278869)
  orig tex: (0,0) (1024,0) (0,1024) (1024,1024)
  mirr tex: (1024,0) (0,0) (1024,1024) (0,1024)
quad #7 layer=""
  orig points: (-735216,-230650) (-735216,-213114) (-752752,-230650) (-752752,-213113) (-743984,-221882)
  mirr points: (1081328,-213114) (1081328,-230650) (1098864,-213113) (1098864,-230650) (1090096,-221882)
  orig tex: (0,0) (1024,0) (0,1024) (1024,1024)
  mirr tex: (1024,0) (0,0) (1024,1024) (0,1024)
quad #8 layer=""
  orig points: (-750880,-92560) (-739344,-92560) (-750880,-81024) (-739344,-81024) (-745112,-86792)
  mirr points: (1085456,-92560) (1096992,-92560) (1085456,-81024) (1096992,-81024) (1091224,-86792)
  orig tex: (0,0) (1024,0) (0,1024) (1024,1024)
  mirr tex: (1024,0) (0,0) (1024,1024) (0,1024)
quad #9 layer=""
  orig points: (-881057,-500165) (-881057,-488629) (-892593,-500165) (-892593,-488629) (-886825,-494397)
  mirr points: (1227169,-488629) (1227169,-500165) (1238705,-488629) (1238705,-500165) (1232937,-494397)
  orig tex: (0,0) (1024,0) (0,1024) (1024,1024)
  mirr tex: (1024,0) (0,0) (1024,1024) (0,1024)
quad #10 layer=""
  orig points: (-720372,-471225) (-737908,-471224) (-720372,-488760) (-737908,-488760) (-729140,-479992)
  mirr points: (1084020,-471224) (1066484,-471225) (1084020,-488760) (1066484,-488760) (1075252,-479992)
  orig tex: (0,0) (1024,0) (0,1024) (1024,1024)
  mirr tex: (1024,0) (0,0) (1024,1024) (0,1024)
quad #11 layer=""
  orig points: (-794308,-586234) (-794308,-574698) (-805844,-586234) (-805844,-574698) (-800076,-580466)
  mirr points: (1140420,-574698) (1140420,-586234) (1151956,-574698) (1151956,-586234) (1146188,-580466)
  orig tex: (0,0) (1024,0) (0,1024) (1024,1024)
  mirr tex: (1024,0) (0,0) (1024,1024) (0,1024)
quad #12 layer=""
  orig points: (-790981,-616489) (-773445,-616489) (-790981,-598953) (-773445,-598953) (-782213,-607721)
  mirr points: (1119557,-616489) (1137093,-616489) (1119557,-598953) (1137093,-598953) (1128325,-607721)
  orig tex: (0,0) (1024,0) (0,1024) (1024,1024)
  mirr tex: (1024,0) (0,0) (1024,1024) (0,1024)
quad #13 layer=""
  orig points: (-618093,-240355) (-618093,-251891) (-606557,-240356) (-606557,-251891) (-612325,-246123)
  mirr points: (964205,-251891) (964205,-240355) (952669,-251891) (952669,-240356) (958437,-246123)
  orig tex: (0,0) (1024,0) (0,1024) (1024,1024)
  mirr tex: (1024,0) (0,0) (1024,1024) (0,1024)
quad #14 layer=""
  orig points: (-687940,-389251) (-670404,-389251) (-687940,-371715) (-670404,-371715) (-679172,-380483)
  mirr points: (1016516,-389251) (1034052,-389251) (1016516,-371715) (1034052,-371715) (1025284,-380483)
  orig tex: (0,0) (1024,0) (0,1024) (1024,1024)
  mirr tex: (1024,0) (0,0) (1024,1024) (0,1024)
quad #15 layer=""
  orig points: (-567260,-388996) (-555724,-388996) (-567260,-377460) (-555724,-377460) (-561492,-383228)
  mirr points: (901836,-388996) (913372,-388996) (901836,-377460) (913372,-377460) (907604,-383228)
  orig tex: (0,0) (1024,0) (0,1024) (1024,1024)
  mirr tex: (1024,0) (0,0) (1024,1024) (0,1024)
quad #16 layer=""
  orig points: (-707256,-415648) (-707256,-404112) (-718792,-415648) (-718792,-404112) (-713024,-409880)
  mirr points: (1053368,-404112) (1053368,-415648) (1064904,-404112) (1064904,-415648) (1059136,-409880)
  orig tex: (0,0) (1024,0) (0,1024) (1024,1024)
  mirr tex: (1024,0) (0,0) (1024,1024) (0,1024)
quad #17 layer=""
  orig points: (-529858,-322656) (-512322,-322656) (-529858,-305120) (-512322,-305120) (-521090,-313888)
  mirr points: (858434,-322656) (875970,-322656) (858434,-305120) (875970,-305120) (867202,-313888)
  orig tex: (0,0) (1024,0) (0,1024) (1024,1024)
  mirr tex: (1024,0) (0,0) (1024,1024) (0,1024)
quad #18 layer=""
  orig points: (-409179,-322401) (-397643,-322401) (-409179,-310865) (-397643,-310865) (-403411,-316633)
  mirr points: (743755,-322401) (755291,-322401) (743755,-310865) (755291,-310865) (749523,-316633)
  orig tex: (0,0) (1024,0) (0,1024) (1024,1024)
  mirr tex: (1024,0) (0,0) (1024,1024) (0,1024)
quad #19 layer=""
  orig points: (-420252,-394588) (-408716,-394588) (-420252,-383052) (-408716,-383052) (-414484,-388820)
  mirr points: (754828,-394588) (766364,-394588) (754828,-383052) (766364,-383052) (760596,-388820)
  orig tex: (0,0) (1024,0) (0,1024) (1024,1024)
  mirr tex: (1024,0) (0,0) (1024,1024) (0,1024)
quad #20 layer=""
  orig points: (-521518,-400365) (-521518,-411901) (-509982,-400365) (-509982,-411901) (-515750,-406133)
  mirr points: (867630,-411901) (867630,-400365) (856094,-411901) (856094,-400365) (861862,-406133)
  orig tex: (0,0) (1024,0) (0,1024) (1024,1024)
  mirr tex: (1024,0) (0,0) (1024,1024) (0,1024)
quad #21 layer=""
  orig points: (-449847,-357722) (-449848,-375258) (-432312,-357722) (-432312,-375258) (-441080,-366490)
  mirr points: (795960,-375258) (795959,-357722) (778424,-375258) (778424,-357722) (787192,-366490)
  orig tex: (0,0) (1024,0) (0,1024) (1024,1024)
  mirr tex: (1024,0) (0,0) (1024,1024) (0,1024)
quad #22 layer=""
  orig points: (-622491,-478099) (-622492,-489635) (-610955,-478099) (-610955,-489635) (-616723,-483867)
  mirr points: (968604,-489635) (968603,-478099) (957067,-489635) (957067,-478099) (962835,-483867)
  orig tex: (0,0) (1024,0) (0,1024) (1024,1024)
  mirr tex: (1024,0) (0,0) (1024,1024) (0,1024)
quad #23 layer=""
  orig points: (-585625,-448505) (-603161,-448503) (-585625,-466040) (-603161,-466040) (-594393,-457271)
  mirr points: (949273,-448503) (931737,-448505) (949273,-466040) (931737,-466040) (940505,-457271)
  orig tex: (0,0) (1024,0) (0,1024) (1024,1024)
  mirr tex: (1024,0) (0,0) (1024,1024) (0,1024)
quad #24 layer=""
  orig points: (-502902,-522385) (-502902,-533921) (-491366,-522385) (-491366,-533921) (-497134,-528153)
  mirr points: (849014,-533921) (849014,-522385) (837478,-533921) (837478,-522385) (843246,-528153)
  orig tex: (0,0) (1024,0) (0,1024) (1024,1024)
  mirr tex: (1024,0) (0,0) (1024,1024) (0,1024)
quad #25 layer=""
  orig points: (-427497,-572917) (-427497,-584453) (-415961,-572917) (-415961,-584453) (-421729,-578685)
  mirr points: (773609,-584453) (773609,-572917) (762073,-584453) (762073,-572917) (767841,-578685)
  orig tex: (0,0) (1024,0) (0,1024) (1024,1024)
  mirr tex: (1024,0) (0,0) (1024,1024) (0,1024)
quad #26 layer=""
  orig points: (-568427,-659955) (-556891,-659955) (-568427,-648419) (-556891,-648419) (-562659,-654187)
  mirr points: (903003,-659955) (914539,-659955) (903003,-648419) (914539,-648419) (908771,-654187)
  orig tex: (0,0) (1024,0) (0,1024) (1024,1024)
  mirr tex: (1024,0) (0,0) (1024,1024) (0,1024)
quad #27 layer=""
  orig points: (-640550,-598933) (-640550,-587397) (-652086,-598933) (-652086,-587397) (-646318,-593165)
  mirr points: (986662,-587397) (986662,-598933) (998198,-587397) (998198,-598933) (992430,-593165)
  orig tex: (0,0) (1024,0) (0,1024) (1024,1024)
  mirr tex: (1024,0) (0,0) (1024,1024) (0,1024)
quad #28 layer=""
  orig points: (-707727,-619492) (-707729,-637028) (-690193,-619492) (-690193,-637028) (-698961,-628260)
  mirr points: (1053841,-637028) (1053839,-619492) (1036305,-637028) (1036305,-619492) (1045073,-628260)
  orig tex: (0,0) (1024,0) (0,1024) (1024,1024)
  mirr tex: (1024,0) (0,0) (1024,1024) (0,1024)
quad #29 layer=""
  orig points: (-547058,-578052) (-564593,-578051) (-547059,-595587) (-564594,-595587) (-555825,-586819)
  mirr points: (910705,-578051) (893170,-578052) (910706,-595587) (893171,-595587) (901937,-586819)
  orig tex: (0,0) (1024,0) (0,1024) (1024,1024)
  mirr tex: (1024,0) (0,0) (1024,1024) (0,1024)
quad #30 layer=""
  orig points: (-331023,-488290) (-331023,-476754) (-342559,-488290) (-342559,-476754) (-336791,-482522)
  mirr points: (677135,-476754) (677135,-488290) (688671,-476754) (688671,-488290) (682903,-482522)
  orig tex: (0,0) (1024,0) (0,1024) (1024,1024)
  mirr tex: (1024,0) (0,0) (1024,1024) (0,1024)
quad #31 layer=""
  orig points: (-261213,-315885) (-278749,-315885) (-261213,-333421) (-278750,-333421) (-269981,-324653)
  mirr points: (624861,-315885) (607325,-315885) (624862,-333421) (607325,-333421) (616093,-324653)
  orig tex: (0,0) (1024,0) (0,1024) (1024,1024)
  mirr tex: (1024,0) (0,0) (1024,1024) (0,1024)
quad #32 layer=""
  orig points: (-292779,-344989) (-292779,-333453) (-304315,-344989) (-304315,-333453) (-298547,-339221)
  mirr points: (638891,-333453) (638891,-344989) (650427,-333453) (650427,-344989) (644659,-339221)
  orig tex: (0,0) (1024,0) (0,1024) (1024,1024)
  mirr tex: (1024,0) (0,0) (1024,1024) (0,1024)
quad #33 layer=""
  orig points: (-340204,-178294) (-340204,-166758) (-351740,-178293) (-351740,-166758) (-345972,-172526)
  mirr points: (686316,-166758) (686316,-178294) (697852,-166758) (697852,-178293) (692084,-172526)
  orig tex: (0,0) (1024,0) (0,1024) (1024,1024)
  mirr tex: (1024,0) (0,0) (1024,1024) (0,1024)
quad #34 layer=""
  orig points: (-214988,-222796) (-214988,-211260) (-226524,-222795) (-226524,-211260) (-220756,-217028)
  mirr points: (561100,-211260) (561100,-222796) (572636,-211260) (572636,-222795) (566868,-217028)
  orig tex: (0,0) (1024,0) (0,1024) (1024,1024)
  mirr tex: (1024,0) (0,0) (1024,1024) (0,1024)
quad #35 layer=""
  orig points: (-270357,-29397) (-287893,-29397) (-270357,-46933) (-287893,-46933) (-279125,-38165)
  mirr points: (634005,-29397) (616469,-29397) (634005,-46933) (616469,-46933) (625237,-38165)
  orig tex: (0,0) (1024,0) (0,1024) (1024,1024)
  mirr tex: (1024,0) (0,0) (1024,1024) (0,1024)
quad #36 layer=""
  orig points: (-231276,-82723) (-231275,-94259) (-219739,-82723) (-219739,-94259) (-225507,-88491)
  mirr points: (577387,-94259) (577388,-82723) (565851,-94259) (565851,-82723) (571619,-88491)
  orig tex: (0,0) (1024,0) (0,1024) (1024,1024)
  mirr tex: (1024,0) (0,0) (1024,1024) (0,1024)
quad #37 layer=""
  orig points: (-175929,-151246) (-175929,-162782) (-164393,-151246) (-164393,-162782) (-170161,-157014)
  mirr points: (522041,-162782) (522041,-151246) (510505,-162782) (510505,-151246) (516273,-157014)
  orig tex: (0,0) (1024,0) (0,1024) (1024,1024)
  mirr tex: (1024,0) (0,0) (1024,1024) (0,1024)
quad #38 layer=""
  orig points: (-191083,-325847) (-191083,-337383) (-179547,-325847) (-179547,-337383) (-185315,-331615)
  mirr points: (537195,-337383) (537195,-325847) (525659,-337383) (525659,-325847) (531427,-331615)
  orig tex: (0,0) (1024,0) (0,1024) (1024,1024)
  mirr tex: (1024,0) (0,0) (1024,1024) (0,1024)
quad #39 layer=""
  orig points: (-183836,12154) (-183836,618) (-172300,12154) (-172300,618) (-178068,6386)
  mirr points: (529948,618) (529948,12154) (518412,618) (518412,12154) (524180,6386)
  orig tex: (0,0) (1024,0) (0,1024) (1024,1024)
  mirr tex: (1024,0) (0,0) (1024,1024) (0,1024)
quad #40 layer=""
  orig points: (-251042,-3000) (-251042,-14536) (-239506,-3000) (-239506,-14536) (-245274,-8768)
  mirr points: (597154,-14536) (597154,-3000) (585618,-14536) (585618,-3000) (591386,-8768)
  orig tex: (0,0) (1024,0) (0,1024) (1024,1024)
  mirr tex: (1024,0) (0,0) (1024,1024) (0,1024)
quad #41 layer=""
  orig points: (-372672,29857) (-355137,29855) (-372672,47392) (-355137,47392) (-363904,38623)
  mirr points: (701249,29855) (718784,29857) (701249,47392) (718784,47392) (710016,38623)
  orig tex: (0,0) (1024,0) (0,1024) (1024,1024)
  mirr tex: (1024,0) (0,0) (1024,1024) (0,1024)
quad #42 layer=""
  orig points: (-62678,-102816) (-80214,-102816) (-62678,-120352) (-80214,-120352) (-71446,-111584)
  mirr points: (426326,-102816) (408790,-102816) (426326,-120352) (408790,-120352) (417558,-111584)
  orig tex: (0,0) (1024,0) (0,1024) (1024,1024)
  mirr tex: (1024,0) (0,0) (1024,1024) (0,1024)
quad #43 layer=""
  orig points: (-127645,-43687) (-127645,-32151) (-139181,-43687) (-139181,-32151) (-133413,-37919)
  mirr points: (473757,-32151) (473757,-43687) (485293,-32151) (485293,-43687) (479525,-37919)
  orig tex: (0,0) (1024,0) (0,1024) (1024,1024)
  mirr tex: (1024,0) (0,0) (1024,1024) (0,1024)
quad #44 layer=""
  orig points: (-100981,-39640) (-100981,-22104) (-118517,-39640) (-118517,-22104) (-109749,-30872)
  mirr points: (447093,-22104) (447093,-39640) (464629,-22104) (464629,-39640) (455861,-30872)
  orig tex: (0,0) (1024,0) (0,1024) (1024,1024)
  mirr tex: (1024,0) (0,0) (1024,1024) (0,1024)
quad #45 layer=""
  orig points: (-95447,-235994) (-77911,-235996) (-95447,-218459) (-77911,-218459) (-86679,-227228)
  mirr points: (424023,-235996) (441559,-235994) (424023,-218459) (441559,-218459) (432791,-227228)
  orig tex: (0,0) (1024,0) (0,1024) (1024,1024)
  mirr tex: (1024,0) (0,0) (1024,1024) (0,1024)
quad #46 layer=""
  orig points: (-165911,-156197) (-148375,-156199) (-165911,-138663) (-148375,-138663) (-157143,-147431)
  mirr points: (494487,-156199) (512023,-156197) (494487,-138663) (512023,-138663) (503255,-147431)
  orig tex: (0,0) (1024,0) (0,1024) (1024,1024)
  mirr tex: (1024,0) (0,0) (1024,1024) (0,1024)
quad #47 layer=""
  orig points: (-701289,90529) (-683753,90529) (-701289,108065) (-683753,108065) (-692521,99297)
  mirr points: (1029865,90529) (1047401,90529) (1029865,108065) (1047401,108065) (1038633,99297)
  orig tex: (0,0) (1024,0) (0,1024) (1024,1024)
  mirr tex: (1024,0) (0,0) (1024,1024) (0,1024)
quad #48 layer=""
  orig points: (-580610,90784) (-569074,90784) (-580610,102320) (-569074,102320) (-574842,96552)
  mirr points: (915186,90784) (926722,90784) (915186,102320) (926722,102320) (920954,96552)
  orig tex: (0,0) (1024,0) (0,1024) (1024,1024)
  mirr tex: (1024,0) (0,0) (1024,1024) (0,1024)
quad #49 layer=""
  orig points: (-449343,84655) (-449343,96191) (-460879,84655) (-460879,96191) (-455111,90423)
  mirr points: (795455,96191) (795455,84655) (806991,96191) (806991,84655) (801223,90423)
  orig tex: (0,0) (1024,0) (0,1024) (1024,1024)
  mirr tex: (1024,0) (0,0) (1024,1024) (0,1024)
quad #50 layer=""
  orig points: (-654307,58426) (-654309,40890) (-636772,58426) (-636772,40890) (-645541,49658)
  mirr points: (1000421,40890) (1000419,58426) (982884,40890) (982884,58426) (991653,49658)
  orig tex: (0,0) (1024,0) (0,1024) (1024,1024)
  mirr tex: (1024,0) (0,0) (1024,1024) (0,1024)
quad #51 layer=""
  orig points: (-675147,-132856) (-663611,-132856) (-675147,-121320) (-663611,-121320) (-669379,-127088)
  mirr points: (1009723,-132856) (1021259,-132856) (1009723,-121320) (1021259,-121320) (1015491,-127088)
  orig tex: (0,0) (1024,0) (0,1024) (1024,1024)
  mirr tex: (1024,0) (0,0) (1024,1024) (0,1024)
quad #52 layer=""
  orig points: (-637745,-66517) (-620209,-66517) (-637745,-48981) (-620209,-48981) (-628977,-57749)
  mirr points: (966321,-66517) (983857,-66517) (966321,-48981) (983857,-48981) (975089,-57749)
  orig tex: (0,0) (1024,0) (0,1024) (1024,1024)
  mirr tex: (1024,0) (0,0) (1024,1024) (0,1024)
quad #53 layer=""
  orig points: (-517066,-66262) (-505530,-66262) (-517066,-54726) (-505530,-54726) (-511298,-60494)
  mirr points: (851642,-66262) (863178,-66262) (851642,-54726) (863178,-54726) (857410,-60494)
  orig tex: (0,0) (1024,0) (0,1024) (1024,1024)
  mirr tex: (1024,0) (0,0) (1024,1024) (0,1024)
quad #54 layer=""
  orig points: (-528139,-138448) (-516603,-138448) (-528139,-126912) (-516603,-126912) (-522371,-132680)
  mirr points: (862715,-138448) (874251,-138448) (862715,-126912) (874251,-126912) (868483,-132680)
  orig tex: (0,0) (1024,0) (0,1024) (1024,1024)
  mirr tex: (1024,0) (0,0) (1024,1024) (0,1024)
quad #55 layer=""
  orig points: (-629405,-144225) (-629405,-155761) (-617869,-144225) (-617869,-155761) (-623637,-149993)
  mirr points: (975517,-155761) (975517,-144225) (963981,-155761) (963981,-144225) (969749,-149993)
  orig tex: (0,0) (1024,0) (0,1024) (1024,1024)
  mirr tex: (1024,0) (0,0) (1024,1024) (0,1024)
quad #56 layer=""
  orig points: (-557734,-101583) (-557735,-119118) (-540199,-101583) (-540199,-119118) (-548967,-110351)
  mirr points: (903847,-119118) (903846,-101583) (886311,-119118) (886311,-101583) (895079,-110351)
  orig tex: (0,0) (1024,0) (0,1024) (1024,1024)
  mirr tex: (1024,0) (0,0) (1024,1024) (0,1024)
quad #57 layer=""
  orig points: (137170,-518651) (137170,-530187) (148706,-518651) (148706,-530187) (142938,-524419)
  mirr points: (208942,-530187) (208942,-518651) (197406,-530187) (197406,-518651) (203174,-524419)
  orig tex: (0,0) (1024,0) (0,1024) (1024,1024)
  mirr tex: (1024,0) (0,0) (1024,1024) (0,1024)
quad #58 layer=""
  orig points: (177633,-379351) (160097,-379349) (177633,-396885) (160097,-396885) (168865,-388117)
  mirr points: (186015,-379349) (168479,-379351) (186015,-396885) (168479,-396885) (177247,-388117)
  orig tex: (0,0) (1024,0) (0,1024) (1024,1024)
  mirr tex: (1024,0) (0,0) (1024,1024) (0,1024)
quad #59 layer=""
  orig points: (107078,-579472) (107078,-597008) (124614,-579472) (124614,-597009) (115846,-588240)
  mirr points: (239034,-597008) (239034,-579472) (221498,-597009) (221498,-579472) (230266,-588240)
  orig tex: (0,0) (1024,0) (0,1024) (1024,1024)
  mirr tex: (1024,0) (0,0) (1024,1024) (0,1024)
quad #60 layer=""
  orig points: (92234,-338897) (109770,-338898) (92234,-321362) (109770,-321362) (101002,-330130)
  mirr points: (236342,-338898) (253878,-338897) (236342,-321362) (253878,-321362) (245110,-330130)
  orig tex: (0,0) (1024,0) (0,1024) (1024,1024)
  mirr tex: (1024,0) (0,0) (1024,1024) (0,1024)
quad #61 layer=""
  orig points: (-10045,-569767) (-10045,-558231) (-21581,-569766) (-21581,-558231) (-15813,-563999)
  mirr points: (356157,-558231) (356157,-569767) (367693,-558231) (367693,-569766) (361925,-563999)
  orig tex: (0,0) (1024,0) (0,1024) (1024,1024)
  mirr tex: (1024,0) (0,0) (1024,1024) (0,1024)
quad #62 layer=""
  orig points: (59802,-420871) (42266,-420871) (59802,-438407) (42266,-438407) (51034,-429639)
  mirr points: (303846,-420871) (286310,-420871) (303846,-438407) (286310,-438407) (295078,-429639)
  orig tex: (0,0) (1024,0) (0,1024) (1024,1024)
  mirr tex: (1024,0) (0,0) (1024,1024) (0,1024)
quad #63 layer=""
  orig points: (-60878,-421126) (-72414,-421126) (-60878,-432662) (-72414,-432662) (-66646,-426894)
  mirr points: (418526,-421126) (406990,-421126) (418526,-432662) (406990,-432662) (412758,-426894)
  orig tex: (0,0) (1024,0) (0,1024) (1024,1024)
  mirr tex: (1024,0) (0,0) (1024,1024) (0,1024)
quad #64 layer=""
  orig points: (79118,-394474) (79118,-406010) (90654,-394474) (90654,-406010) (84886,-400242)
  mirr points: (266994,-406010) (266994,-394474) (255458,-406010) (255458,-394474) (261226,-400242)
  orig tex: (0,0) (1024,0) (0,1024) (1024,1024)
  mirr tex: (1024,0) (0,0) (1024,1024) (0,1024)
quad #65 layer=""
  orig points: (-98280,-487466) (-115816,-487466) (-98280,-505002) (-115816,-505002) (-107048,-496234)
  mirr points: (461928,-487466) (444392,-487466) (461928,-505002) (444392,-505002) (453160,-496234)
  orig tex: (0,0) (1024,0) (0,1024) (1024,1024)
  mirr tex: (1024,0) (0,0) (1024,1024) (0,1024)
quad #66 layer=""
  orig points: (-218959,-487721) (-230495,-487721) (-218959,-499257) (-230495,-499257) (-224727,-493489)
  mirr points: (576607,-487721) (565071,-487721) (576607,-499257) (565071,-499257) (570839,-493489)
  orig tex: (0,0) (1024,0) (0,1024) (1024,1024)
  mirr tex: (1024,0) (0,0) (1024,1024) (0,1024)
quad #67 layer=""
  orig points: (-207886,-415533) (-219422,-415533) (-207886,-427069) (-219422,-427069) (-213654,-421301)
  mirr points: (565534,-415533) (553998,-415533) (565534,-427069) (553998,-427069) (559766,-421301)
  orig tex: (0,0) (1024,0) (0,1024) (1024,1024)
  mirr tex: (1024,0) (0,0) (1024,1024) (0,1024)
quad #68 layer=""
  orig points: (-106620,-409757) (-106620,-398221) (-118156,-409757) (-118156,-398221) (-112388,-403989)
  mirr points: (452732,-398221) (452732,-409757) (464268,-398221) (464268,-409757) (458500,-403989)
  orig tex: (0,0) (1024,0) (0,1024) (1024,1024)
  mirr tex: (1024,0) (0,0) (1024,1024) (0,1024)
quad #69 layer=""
  orig points: (-178291,-452399) (-178290,-434863) (-195826,-452399) (-195826,-434863) (-187058,-443631)
  mirr points: (524402,-434863) (524403,-452399) (541938,-434863) (541938,-452399) (533170,-443631)
  orig tex: (0,0) (1024,0) (0,1024) (1024,1024)
  mirr tex: (1024,0) (0,0) (1024,1024) (0,1024)
quad #70 layer=""
  orig points: (-42513,-361617) (-24977,-361619) (-42513,-344082) (-24977,-344082) (-33745,-352851)
  mirr points: (371089,-361619) (388625,-361617) (371089,-344082) (388625,-344082) (379857,-352851)
  orig tex: (0,0) (1024,0) (0,1024) (1024,1024)
  mirr tex: (1024,0) (0,0) (1024,1024) (0,1024)
quad #71 layer=""
  orig points: (1267,-665897) (1267,-654361) (-10269,-665897) (-10269,-654361) (-4501,-660129)
  mirr points: (344845,-654361) (344845,-665897) (356381,-654361) (356381,-665897) (350613,-660129)
  orig tex: (0,0) (1024,0) (0,1024) (1024,1024)
  mirr tex: (1024,0) (0,0) (1024,1024) (0,1024)
quad #72 layer=""
  orig points: (326348,-101177) (314812,-101177) (326348,-112713) (314812,-112713) (320580,-106945)
  mirr points: (31300,-101177) (19764,-101177) (31300,-112713) (19764,-112713) (25532,-106945)
  orig tex: (0,0) (1024,0) (0,1024) (1024,1024)
  mirr tex: (1024,0) (0,0) (1024,1024) (0,1024)
quad #73 layer=""
  orig points: (337421,-28990) (325885,-28990) (337421,-40526) (325885,-40526) (331653,-34758)
  mirr points: (20227,-28990) (8691,-28990) (20227,-40526) (8691,-40526) (14459,-34758)
  orig tex: (0,0) (1024,0) (0,1024) (1024,1024)
  mirr tex: (1024,0) (0,0) (1024,1024) (0,1024)
quad #74 layer=""
  orig points: (367016,-65856) (367017,-48320) (349481,-65856) (349481,-48320) (358249,-57088)
  mirr points: (-20905,-48320) (-20904,-65856) (-3369,-48320) (-3369,-65856) (-12137,-57088)
  orig tex: (0,0) (1024,0) (0,1024) (1024,1024)
  mirr tex: (1024,0) (0,0) (1024,1024) (0,1024)
quad #75 layer=""
  orig points: (420071,98807) (420071,110343) (408535,98807) (408535,110343) (414303,104575)
  mirr points: (-73959,110343) (-73959,98807) (-62423,110343) (-62423,98807) (-68191,104575)
  orig tex: (0,0) (1024,0) (0,1024) (1024,1024)
  mirr tex: (1024,0) (0,0) (1024,1024) (0,1024)
quad #76 layer=""
  orig points: (344666,149339) (344666,160875) (333130,149339) (333130,160875) (338898,155107)
  mirr points: (1446,160875) (1446,149339) (12982,160875) (12982,149339) (7214,155107)
  orig tex: (0,0) (1024,0) (0,1024) (1024,1024)
  mirr tex: (1024,0) (0,0) (1024,1024) (0,1024)
quad #77 layer=""
  orig points: (424775,266468) (407239,266468) (424775,248932) (407238,248932) (416007,257700)
  mirr points: (-61127,266468) (-78663,266468) (-61126,248932) (-78663,248932) (-69895,257700)
  orig tex: (0,0) (1024,0) (0,1024) (1024,1024)
  mirr tex: (1024,0) (0,0) (1024,1024) (0,1024)
quad #78 layer=""
  orig points: (286685,250804) (286685,262340) (275149,250804) (275149,262340) (280917,256572)
  mirr points: (59427,262340) (59427,250804) (70963,262340) (70963,250804) (65195,256572)
  orig tex: (0,0) (1024,0) (0,1024) (1024,1024)
  mirr tex: (1024,0) (0,0) (1024,1024) (0,1024)
quad #79 layer=""
  orig points: (248192,64712) (248192,53176) (259728,64712) (259728,53176) (253960,58944)
  mirr points: (97920,53176) (97920,64712) (86384,53176) (86384,64712) (92152,58944)
  orig tex: (0,0) (1024,0) (0,1024) (1024,1024)
  mirr tex: (1024,0) (0,0) (1024,1024) (0,1024)
quad #80 layer=""
  orig points: (178382,-107693) (195918,-107693) (178382,-90157) (195919,-90157) (187150,-98925)
  mirr points: (150194,-107693) (167730,-107693) (150193,-90157) (167730,-90157) (158962,-98925)
  orig tex: (0,0) (1024,0) (0,1024) (1024,1024)
  mirr tex: (1024,0) (0,0) (1024,1024) (0,1024)
quad #81 layer=""
  orig points: (209948,-78589) (209948,-90125) (221484,-78589) (221484,-90125) (215716,-84357)
  mirr points: (136164,-90125) (136164,-78589) (124628,-90125) (124628,-78589) (130396,-84357)
  orig tex: (0,0) (1024,0) (0,1024) (1024,1024)
  mirr tex: (1024,0) (0,0) (1024,1024) (0,1024)
quad #82 layer=""
  orig points: (257373,-245283) (257373,-256819) (268909,-245284) (268909,-256819) (263141,-251051)
  mirr points: (88739,-256819) (88739,-245283) (77203,-256819) (77203,-245284) (82971,-251051)
  orig tex: (0,0) (1024,0) (0,1024) (1024,1024)
  mirr tex: (1024,0) (0,0) (1024,1024) (0,1024)
quad #83 layer=""
  orig points: (132157,-200782) (132157,-212317) (143693,-200783) (143693,-212317) (137925,-206549)
  mirr points: (213955,-212317) (213955,-200782) (202419,-212317) (202419,-200783) (208187,-206549)
  orig tex: (0,0) (1024,0) (0,1024) (1024,1024)
  mirr tex: (1024,0) (0,0) (1024,1024) (0,1024)
quad #84 layer=""
  orig points: (148445,-340854) (148444,-329318) (136908,-340854) (136908,-329318) (142676,-335086)
  mirr points: (197668,-329318) (197667,-340854) (209204,-329318) (209204,-340854) (203436,-335086)
  orig tex: (0,0) (1024,0) (0,1024) (1024,1024)
  mirr tex: (1024,0) (0,0) (1024,1024) (0,1024)
quad #85 layer=""
  orig points: (93098,-272331) (93098,-260795) (81562,-272331) (81562,-260795) (87330,-266563)
  mirr points: (253014,-260795) (253014,-272331) (264550,-260795) (264550,-272331) (258782,-266563)
  orig tex: (0,0) (1024,0) (0,1024) (1024,1024)
  mirr tex: (1024,0) (0,0) (1024,1024) (0,1024)
quad #86 layer=""
  orig points: (108252,-97732) (108252,-86196) (96716,-97732) (96716,-86196) (102484,-91964)
  mirr points: (237860,-86196) (237860,-97732) (249396,-86196) (249396,-97732) (243628,-91964)
  orig tex: (0,0) (1024,0) (0,1024) (1024,1024)
  mirr tex: (1024,0) (0,0) (1024,1024) (0,1024)
quad #87 layer=""
  orig points: (83080,-267380) (65544,-267378) (83080,-284914) (65544,-284914) (74312,-276146)
  mirr points: (280568,-267378) (263032,-267380) (280568,-284914) (263032,-284914) (271800,-276146)
  orig tex: (0,0) (1024,0) (0,1024) (1024,1024)
  mirr tex: (1024,0) (0,0) (1024,1024) (0,1024)
quad #88 layer=""
  orig points: (136128,64143) (147664,64143) (136128,75679) (147664,75679) (141896,69911)
  mirr points: (198448,64143) (209984,64143) (198448,75679) (209984,75679) (204216,69911)
  orig tex: (0,0) (1024,0) (0,1024) (1024,1024)
  mirr tex: (1024,0) (0,0) (1024,1024) (0,1024)
quad #89 layer=""
  orig points: (125055,-8045) (136591,-8045) (125055,3491) (136591,3491) (130823,-2277)
  mirr points: (209521,-8045) (221057,-8045) (209521,3491) (221057,3491) (215289,-2277)
  orig tex: (0,0) (1024,0) (0,1024) (1024,1024)
  mirr tex: (1024,0) (0,0) (1024,1024) (0,1024)
quad #90 layer=""
  orig points: (23790,-13821) (23790,-25357) (35326,-13821) (35326,-25357) (29558,-19589)
  mirr points: (322322,-25357) (322322,-13821) (310786,-25357) (310786,-13821) (316554,-19589)
  orig tex: (0,0) (1024,0) (0,1024) (1024,1024)
  mirr tex: (1024,0) (0,0) (1024,1024) (0,1024)
quad #91 layer=""
  orig points: (95460,28821) (95459,11285) (112995,28821) (112995,11285) (104227,20053)
  mirr points: (250653,11285) (250652,28821) (233117,11285) (233117,28821) (241885,20053)
  orig tex: (0,0) (1024,0) (0,1024) (1024,1024)
  mirr tex: (1024,0) (0,0) (1024,1024) (0,1024)
quad #92 layer=""
  orig points: (28243,320282) (39779,320282) (28243,331817) (39779,331817) (34011,326050)
  mirr points: (306333,320282) (317869,320282) (306333,331817) (317869,331817) (312101,326050)
  orig tex: (0,0) (1024,0) (0,1024) (1024,1024)
  mirr tex: (1024,0) (0,0) (1024,1024) (0,1024)
quad #93 layer=""
  orig points: (423250,-633947) (423248,-651483) (440785,-633947) (440785,-651483) (432016,-642715)
  mirr points: (-77136,-651483) (-77138,-633947) (-94673,-651483) (-94673,-633947) (-85904,-642715)
  orig tex: (0,0) (1024,0) (0,1024) (1024,1024)
  mirr tex: (1024,0) (0,0) (1024,1024) (0,1024)
quad #94 layer=""
  orig points: (497130,-551224) (508666,-551224) (497130,-539688) (508666,-539688) (502898,-545456)
  mirr points: (-162554,-551224) (-151018,-551224) (-162554,-539688) (-151018,-539688) (-156786,-545456)
  orig tex: (0,0) (1024,0) (0,1024) (1024,1024)
  mirr tex: (1024,0) (0,0) (1024,1024) (0,1024)
quad #95 layer=""
  orig points: (547662,-475819) (559198,-475819) (547662,-464283) (559198,-464283) (553430,-470051)
  mirr points: (-213086,-475819) (-201550,-475819) (-213086,-464283) (-201550,-464283) (-207318,-470051)
  orig tex: (0,0) (1024,0) (0,1024) (1024,1024)
  mirr tex: (1024,0) (0,0) (1024,1024) (0,1024)
quad #96 layer=""
  orig points: (634700,-616749) (634700,-605213) (623164,-616749) (623164,-605213) (628932,-610981)
  mirr points: (-288588,-605213) (-288588,-616749) (-277052,-605213) (-277052,-616749) (-282820,-610981)
  orig tex: (0,0) (1024,0) (0,1024) (1024,1024)
  mirr tex: (1024,0) (0,0) (1024,1024) (0,1024)
quad #97 layer=""
  orig points: (552797,-595380) (552796,-612915) (570332,-595381) (570332,-612916) (561564,-604147)
  mirr points: (-206684,-612915) (-206685,-595380) (-224220,-612916) (-224220,-595381) (-215452,-604147)
  orig tex: (0,0) (1024,0) (0,1024) (1024,1024)
  mirr tex: (1024,0) (0,0) (1024,1024) (0,1024)
quad #98 layer=""
  orig points: (664792,-555928) (664792,-538392) (647256,-555928) (647256,-538391) (656024,-547160)
  mirr points: (-318680,-538392) (-318680,-555928) (-301144,-538391) (-301144,-555928) (-309912,-547160)
  orig tex: (0,0) (1024,0) (0,1024) (1024,1024)
  mirr tex: (1024,0) (0,0) (1024,1024) (0,1024)
quad #99 layer=""
  orig points: (649128,-417838) (660664,-417838) (649128,-406302) (660664,-406302) (654896,-412070)
  mirr points: (-314552,-417838) (-303016,-417838) (-314552,-406302) (-303016,-406302) (-308784,-412070)
  orig tex: (0,0) (1024,0) (0,1024) (1024,1024)
  mirr tex: (1024,0) (0,0) (1024,1024) (0,1024)
quad #100 layer=""
  orig points: (463035,-379345) (451499,-379345) (463035,-390881) (451499,-390881) (457267,-385113)
  mirr points: (-105387,-379345) (-116923,-379345) (-105387,-390881) (-116923,-390881) (-111155,-385113)
  orig tex: (0,0) (1024,0) (0,1024) (1024,1024)
  mirr tex: (1024,0) (0,0) (1024,1024) (0,1024)
quad #101 layer=""
  orig points: (698719,-234750) (716255,-234750) (698719,-217214) (716255,-217214) (707487,-225982)
  mirr points: (-370143,-234750) (-352607,-234750) (-370143,-217214) (-352607,-217214) (-361375,-225982)
  orig tex: (0,0) (1024,0) (0,1024) (1024,1024)
  mirr tex: (1024,0) (0,0) (1024,1024) (0,1024)
quad #102 layer=""
  orig points: (724861,-458134) (736397,-458134) (724861,-446598) (736397,-446598) (730629,-452366)
  mirr points: (-390285,-458134) (-378749,-458134) (-390285,-446598) (-378749,-446598) (-384517,-452366)
  orig tex: (0,0) (1024,0) (0,1024) (1024,1024)
  mirr tex: (1024,0) (0,0) (1024,1024) (0,1024)
quad #103 layer=""
  orig points: (499807,-287916) (488271,-287916) (499807,-299452) (488271,-299452) (494039,-293684)
  mirr points: (-142159,-287916) (-153695,-287916) (-142159,-299452) (-153695,-299452) (-147927,-293684)
  orig tex: (0,0) (1024,0) (0,1024) (1024,1024)
  mirr tex: (1024,0) (0,0) (1024,1024) (0,1024)
quad #104 layer=""
  orig points: (438986,-257824) (421450,-257824) (438986,-275360) (421449,-275360) (430218,-266592)
  mirr points: (-75338,-257824) (-92874,-257824) (-75337,-275360) (-92874,-275360) (-84106,-266592)
  orig tex: (0,0) (1024,0) (0,1024) (1024,1024)
  mirr tex: (1024,0) (0,0) (1024,1024) (0,1024)
quad #105 layer=""
  orig points: (679561,-242980) (679560,-260516) (697096,-242980) (697096,-260516) (688328,-251748)
  mirr points: (-333448,-260516) (-333449,-242980) (-350984,-260516) (-350984,-242980) (-342216,-251748)
  orig tex: (0,0) (1024,0) (0,1024) (1024,1024)
  mirr tex: (1024,0) (0,0) (1024,1024) (0,1024)
quad #106 layer=""
  orig points: (448691,-140701) (460227,-140701) (448692,-129165) (460227,-129165) (454459,-134933)
  mirr points: (-114115,-140701) (-102579,-140701) (-114115,-129165) (-102580,-129165) (-108347,-134933)
  orig tex: (0,0) (1024,0) (0,1024) (1024,1024)
  mirr tex: (1024,0) (0,0) (1024,1024) (0,1024)
quad #107 layer=""
  orig points: (597587,-210548) (597587,-193012) (580051,-210548) (580051,-193012) (588819,-201780)
  mirr points: (-251475,-193012) (-251475,-210548) (-233939,-193012) (-233939,-210548) (-242707,-201780)
  orig tex: (0,0) (1024,0) (0,1024) (1024,1024)
  mirr tex: (1024,0) (0,0) (1024,1024) (0,1024)
quad #108 layer=""
  orig points: (597332,-89868) (597332,-78332) (585796,-89868) (585796,-78332) (591564,-84100)
  mirr points: (-251220,-78332) (-251220,-89868) (-239684,-78332) (-239684,-89868) (-245452,-84100)
  orig tex: (0,0) (1024,0) (0,1024) (1024,1024)
  mirr tex: (1024,0) (0,0) (1024,1024) (0,1024)
quad #109 layer=""
  orig points: (623984,-229864) (612448,-229864) (623984,-241400) (612448,-241400) (618216,-235632)
  mirr points: (-266336,-229864) (-277872,-229864) (-266336,-241400) (-277872,-241400) (-272104,-235632)
  orig tex: (0,0) (1024,0) (0,1024) (1024,1024)
  mirr tex: (1024,0) (0,0) (1024,1024) (0,1024)
quad #110 layer=""
  orig points: (530992,-52466) (530992,-34930) (513456,-52466) (513456,-34930) (522224,-43698)
  mirr points: (-184880,-34930) (-184880,-52466) (-167344,-34930) (-167344,-52466) (-176112,-43698)
  orig tex: (0,0) (1024,0) (0,1024) (1024,1024)
  mirr tex: (1024,0) (0,0) (1024,1024) (0,1024)
quad #111 layer=""
  orig points: (530737,68213) (530737,79749) (519201,68213) (519201,79749) (524969,73981)
  mirr points: (-184625,79749) (-184625,68213) (-173089,79749) (-173089,68213) (-178857,73981)
  orig tex: (0,0) (1024,0) (0,1024) (1024,1024)
  mirr tex: (1024,0) (0,0) (1024,1024) (0,1024)
quad #112 layer=""
  orig points: (602924,57140) (602924,68676) (591388,57140) (591388,68676) (597156,62908)
  mirr points: (-256812,68676) (-256812,57140) (-245276,68676) (-245276,57140) (-251044,62908)
  orig tex: (0,0) (1024,0) (0,1024) (1024,1024)
  mirr tex: (1024,0) (0,0) (1024,1024) (0,1024)
quad #113 layer=""
  orig points: (608701,-44126) (620237,-44126) (608701,-32590) (620237,-32590) (614469,-38358)
  mirr points: (-274125,-44126) (-262589,-44126) (-274125,-32590) (-262589,-32590) (-268357,-38358)
  orig tex: (0,0) (1024,0) (0,1024) (1024,1024)
  mirr tex: (1024,0) (0,0) (1024,1024) (0,1024)
quad #114 layer=""
  orig points: (566058,27545) (583594,27544) (566058,45080) (583594,45080) (574826,36312)
  mirr points: (-237482,27544) (-219946,27545) (-237482,45080) (-219946,45080) (-228714,36312)
  orig tex: (0,0) (1024,0) (0,1024) (1024,1024)
  mirr tex: (1024,0) (0,0) (1024,1024) (0,1024)
quad #115 layer=""
  orig points: (686435,-145099) (697971,-145100) (686435,-133563) (697971,-133563) (692203,-139331)
  mirr points: (-351859,-145100) (-340323,-145099) (-351859,-133563) (-340323,-133563) (-346091,-139331)
  orig tex: (0,0) (1024,0) (0,1024) (1024,1024)
  mirr tex: (1024,0) (0,0) (1024,1024) (0,1024)
quad #116 layer=""
  orig points: (656841,-108233) (656839,-125769) (674376,-108233) (674376,-125769) (665607,-117001)
  mirr points: (-310727,-125769) (-310729,-108233) (-328264,-125769) (-328264,-108233) (-319495,-117001)
  orig tex: (0,0) (1024,0) (0,1024) (1024,1024)
  mirr tex: (1024,0) (0,0) (1024,1024) (0,1024)
quad #117 layer=""
  orig points: (730721,-25510) (742257,-25510) (730721,-13974) (742257,-13974) (736489,-19742)
  mirr points: (-396145,-25510) (-384609,-25510) (-396145,-13974) (-384609,-13974) (-390377,-19742)
  orig tex: (0,0) (1024,0) (0,1024) (1024,1024)
  mirr tex: (1024,0) (0,0) (1024,1024) (0,1024)
quad #118 layer=""
  orig points: (781253,49895) (792789,49895) (781253,61431) (792789,61431) (787021,55663)
  mirr points: (-446677,49895) (-435141,49895) (-446677,61431) (-435141,61431) (-440909,55663)
  orig tex: (0,0) (1024,0) (0,1024) (1024,1024)
  mirr tex: (1024,0) (0,0) (1024,1024) (0,1024)
quad #119 layer=""
  orig points: (-862543,344553) (-851007,344553) (-862542,356089) (-851007,356089) (-856775,350321)
  mirr points: (1197119,344553) (1208655,344553) (1197119,356089) (1208654,356089) (1202887,350321)
  orig tex: (0,0) (1024,0) (0,1024) (1024,1024)
  mirr tex: (1024,0) (0,0) (1024,1024) (0,1024)
quad #120 layer=""
  orig points: (-907045,219337) (-895509,219337) (-907044,230873) (-895509,230873) (-901277,225105)
  mirr points: (1241621,219337) (1253157,219337) (1241621,230873) (1253156,230873) (1247389,225105)
  orig tex: (0,0) (1024,0) (0,1024) (1024,1024)
  mirr tex: (1024,0) (0,0) (1024,1024) (0,1024)
quad #121 layer=""
  orig points: (-213205,595799) (-230741,595799) (-213205,578263) (-230741,578263) (-221973,587031)
  mirr points: (576853,595799) (559317,595799) (576853,578263) (559317,578263) (568085,587031)
  orig tex: (0,0) (1024,0) (0,1024) (1024,1024)
  mirr tex: (1024,0) (0,0) (1024,1024) (0,1024)
quad #122 layer=""
  orig points: (-333884,595544) (-345420,595544) (-333884,584008) (-345420,584008) (-339652,589776)
  mirr points: (691532,595544) (679996,595544) (691532,584008) (679996,584008) (685764,589776)
  orig tex: (0,0) (1024,0) (0,1024) (1024,1024)
  mirr tex: (1024,0) (0,0) (1024,1024) (0,1024)
quad #123 layer=""
  orig points: (-481850,589028) (-464314,589028) (-481850,606564) (-464313,606564) (-473082,597796)
  mirr points: (810426,589028) (827962,589028) (810425,606564) (827962,606564) (819194,597796)
  orig tex: (0,0) (1024,0) (0,1024) (1024,1024)
  mirr tex: (1024,0) (0,0) (1024,1024) (0,1024)
quad #124 layer=""
  orig points: (-450284,618132) (-450284,606596) (-438748,618132) (-438748,606596) (-444516,612364)
  mirr points: (796396,606596) (796396,618132) (784860,606596) (784860,618132) (790628,612364)
  orig tex: (0,0) (1024,0) (0,1024) (1024,1024)
  mirr tex: (1024,0) (0,0) (1024,1024) (0,1024)
quad #125 layer=""
  orig points: (-402859,451437) (-402859,439901) (-391323,451436) (-391323,439901) (-397091,445669)
  mirr points: (748971,439901) (748971,451437) (737435,439901) (737435,451436) (743203,445669)
  orig tex: (0,0) (1024,0) (0,1024) (1024,1024)
  mirr tex: (1024,0) (0,0) (1024,1024) (0,1024)
quad #126 layer=""
  orig points: (-528075,495939) (-528075,484403) (-516539,495938) (-516539,484403) (-522307,490171)
  mirr points: (874187,484403) (874187,495939) (862651,484403) (862651,495938) (868419,490171)
  orig tex: (0,0) (1024,0) (0,1024) (1024,1024)
  mirr tex: (1024,0) (0,0) (1024,1024) (0,1024)
quad #127 layer=""
  orig points: (-472706,302540) (-455170,302540) (-472706,320076) (-455170,320076) (-463938,311308)
  mirr points: (801282,302540) (818818,302540) (801282,320076) (818818,320076) (810050,311308)
  orig tex: (0,0) (1024,0) (0,1024) (1024,1024)
  mirr tex: (1024,0) (0,0) (1024,1024) (0,1024)
quad #128 layer=""
  orig points: (-511787,355866) (-511788,367402) (-523324,355866) (-523324,367402) (-517556,361634)
  mirr points: (857900,367402) (857899,355866) (869436,367402) (869436,355866) (863668,361634)
  orig tex: (0,0) (1024,0) (0,1024) (1024,1024)
  mirr tex: (1024,0) (0,0) (1024,1024) (0,1024)
quad #129 layer=""
  orig points: (-567134,424389) (-567134,435925) (-578670,424389) (-578670,435925) (-572902,430157)
  mirr points: (913246,435925) (913246,424389) (924782,435925) (924782,424389) (919014,430157)
  orig tex: (0,0) (1024,0) (0,1024) (1024,1024)
  mirr tex: (1024,0) (0,0) (1024,1024) (0,1024)
quad #130 layer=""
  orig points: (-551981,598990) (-551981,610526) (-563516,598990) (-563517,610526) (-557749,604758)
  mirr points: (898093,610526) (898093,598990) (909629,610526) (909628,598990) (903861,604758)
  orig tex: (0,0) (1024,0) (0,1024) (1024,1024)
  mirr tex: (1024,0) (0,0) (1024,1024) (0,1024)
quad #131 layer=""
  orig points: (-559227,260989) (-559227,272525) (-570763,260989) (-570763,272525) (-564995,266757)
  mirr points: (905339,272525) (905339,260989) (916875,272525) (916875,260989) (911107,266757)
  orig tex: (0,0) (1024,0) (0,1024) (1024,1024)
  mirr tex: (1024,0) (0,0) (1024,1024) (0,1024)
quad #132 layer=""
  orig points: (-492021,276143) (-492021,287679) (-503557,276143) (-503557,287679) (-497789,281911)
  mirr points: (838133,287679) (838133,276143) (849669,287679) (849669,276143) (843901,281911)
  orig tex: (0,0) (1024,0) (0,1024) (1024,1024)
  mirr tex: (1024,0) (0,0) (1024,1024) (0,1024)
quad #133 layer=""
  orig points: (-370391,243286) (-387926,243288) (-370391,225751) (-387926,225751) (-379159,234520)
  mirr points: (734038,243288) (716503,243286) (734038,225751) (716503,225751) (725271,234520)
  orig tex: (0,0) (1024,0) (0,1024) (1024,1024)
  mirr tex: (1024,0) (0,0) (1024,1024) (0,1024)
quad #134 layer=""
  orig points: (-615418,316829) (-615418,305293) (-603882,316829) (-603882,305293) (-609650,311061)
  mirr points: (961530,305293) (961530,316829) (949994,305293) (949994,316829) (955762,311061)
  orig tex: (0,0) (1024,0) (0,1024) (1024,1024)
  mirr tex: (1024,0) (0,0) (1024,1024) (0,1024)
quad #135 layer=""
  orig points: (-642082,312782) (-642082,295246) (-624546,312782) (-624546,295246) (-633314,304014)
  mirr points: (988194,295246) (988194,312782) (970658,295246) (970658,312782) (979426,304014)
  orig tex: (0,0) (1024,0) (0,1024) (1024,1024)
  mirr tex: (1024,0) (0,0) (1024,1024) (0,1024)
quad #136 layer=""
  orig points: (-647616,509137) (-665152,509139) (-647616,491602) (-665152,491602) (-656384,500371)
  mirr points: (1011264,509139) (993728,509137) (1011264,491602) (993728,491602) (1002496,500371)
  orig tex: (0,0) (1024,0) (0,1024) (1024,1024)
  mirr tex: (1024,0) (0,0) (1024,1024) (0,1024)
quad #137 layer=""
  orig points: (-577152,429340) (-594688,429342) (-577152,411806) (-594688,411806) (-585920,420574)
  mirr points: (940800,429342) (923264,429340) (940800,411806) (923264,411806) (932032,420574)
  orig tex: (0,0) (1024,0) (0,1024) (1024,1024)
  mirr tex: (1024,0) (0,0) (1024,1024) (0,1024)
quad #138 layer=""
  orig points: (-293720,188489) (-293720,176953) (-282184,188489) (-282184,176953) (-287952,182721)
  mirr points: (639832,176953) (639832,188489) (628296,176953) (628296,188489) (634064,182721)
  orig tex: (0,0) (1024,0) (0,1024) (1024,1024)
  mirr tex: (1024,0) (0,0) (1024,1024) (0,1024)
quad #139 layer=""
  orig points: (-255919,370484) (-267455,370484) (-255919,358948) (-267455,358948) (-261687,364716)
  mirr points: (613567,370484) (602031,370484) (613567,358948) (602031,358948) (607799,364716)
  orig tex: (0,0) (1024,0) (0,1024) (1024,1024)
  mirr tex: (1024,0) (0,0) (1024,1024) (0,1024)
quad #140 layer=""
  orig points: (-214924,411591) (-226460,411591) (-214924,400055) (-226460,400055) (-220692,405823)
  mirr points: (572572,411591) (561036,411591) (572572,400055) (561036,400055) (566804,405823)
  orig tex: (0,0) (1024,0) (0,1024) (1024,1024)
  mirr tex: (1024,0) (0,0) (1024,1024) (0,1024)
quad #141 layer=""
  orig points: (-906647,-182854) (-906647,-194390) (-895111,-182854) (-895111,-194390) (-900879,-188622)
  mirr points: (1252759,-194390) (1252759,-182854) (1241223,-194390) (1241223,-182854) (1246991,-188622)
  orig tex: (0,0) (1024,0) (0,1024) (1024,1024)
  mirr tex: (1024,0) (0,0) (1024,1024) (0,1024)
quad #142 layer=""
  orig points: (-911351,-350515) (-893815,-350515) (-911351,-332979) (-893814,-332979) (-902583,-341747)
  mirr points: (1239927,-350515) (1257463,-350515) (1239926,-332979) (1257463,-332979) (1248695,-341747)
  orig tex: (0,0) (1024,0) (0,1024) (1024,1024)
  mirr tex: (1024,0) (0,0) (1024,1024) (0,1024)
quad #143 layer=""
  orig points: (5105,231478) (5105,213942) (22641,231478) (22641,213942) (13873,222710)
  mirr points: (341007,213942) (341007,231478) (323471,213942) (323471,231478) (332239,222710)
  orig tex: (0,0) (1024,0) (0,1024) (1024,1024)
  mirr tex: (1024,0) (0,0) (1024,1024) (0,1024)
quad #144 layer=""
  orig points: (5360,110799) (5360,99263) (16896,110799) (16896,99263) (11128,105031)
  mirr points: (340752,99263) (340752,110799) (329216,99263) (329216,110799) (334984,105031)
  orig tex: (0,0) (1024,0) (0,1024) (1024,1024)
  mirr tex: (1024,0) (0,0) (1024,1024) (0,1024)
quad #145 layer=""
  orig points: (-66827,121872) (-66827,110336) (-55291,121872) (-55291,110336) (-61059,116104)
  mirr points: (412939,110336) (412939,121872) (401403,110336) (401403,121872) (407171,116104)
  orig tex: (0,0) (1024,0) (0,1024) (1024,1024)
  mirr tex: (1024,0) (0,0) (1024,1024) (0,1024)
quad #146 layer=""
  orig points: (-72604,223138) (-84140,223138) (-72604,211602) (-84140,211602) (-78372,217370)
  mirr points: (430252,223138) (418716,223138) (430252,211602) (418716,211602) (424484,217370)
  orig tex: (0,0) (1024,0) (0,1024) (1024,1024)
  mirr tex: (1024,0) (0,0) (1024,1024) (0,1024)
quad #147 layer=""
  orig points: (-29961,151467) (-47497,151468) (-29961,133932) (-47497,133932) (-38729,142700)
  mirr points: (393609,151468) (376073,151467) (393609,133932) (376073,133932) (384841,142700)
  orig tex: (0,0) (1024,0) (0,1024) (1024,1024)
  mirr tex: (1024,0) (0,0) (1024,1024) (0,1024)
quad #148 layer=""
  orig points: (-194624,204522) (-206160,204522) (-194624,192986) (-206160,192986) (-200392,198754)
  mirr points: (552272,204522) (540736,204522) (552272,192986) (540736,192986) (546504,198754)
  orig tex: (0,0) (1024,0) (0,1024) (1024,1024)
  mirr tex: (1024,0) (0,0) (1024,1024) (0,1024)
quad #149 layer=""
  orig points: (-59995,582519) (-48459,582519) (-59995,594055) (-48459,594055) (-54227,588287)
  mirr points: (394571,582519) (406107,582519) (394571,594055) (406107,594055) (400339,588287)
  orig tex: (0,0) (1024,0) (0,1024) (1024,1024)
  mirr tex: (1024,0) (0,0) (1024,1024) (0,1024)
quad #150 layer=""
  orig points: (112410,512709) (112410,530245) (94874,512709) (94874,530246) (103642,521477)
  mirr points: (233702,530245) (233702,512709) (251238,530246) (251238,512709) (242470,521477)
  orig tex: (0,0) (1024,0) (0,1024) (1024,1024)
  mirr tex: (1024,0) (0,0) (1024,1024) (0,1024)
quad #151 layer=""
  orig points: (83306,544275) (94842,544275) (83306,555811) (94842,555811) (89074,550043)
  mirr points: (251270,544275) (262806,544275) (251270,555811) (262806,555811) (257038,550043)
  orig tex: (0,0) (1024,0) (0,1024) (1024,1024)
  mirr tex: (1024,0) (0,0) (1024,1024) (0,1024)
quad #152 layer=""
  orig points: (250001,591700) (261537,591700) (250002,603236) (261537,603236) (255769,597468)
  mirr points: (84575,591700) (96111,591700) (84575,603236) (96110,603236) (90343,597468)
  orig tex: (0,0) (1024,0) (0,1024) (1024,1024)
  mirr tex: (1024,0) (0,0) (1024,1024) (0,1024)
quad #153 layer=""
  orig points: (205499,466484) (217035,466484) (205500,478020) (217035,478020) (211267,472252)
  mirr points: (129077,466484) (140613,466484) (129077,478020) (140612,478020) (134845,472252)
  orig tex: (0,0) (1024,0) (0,1024) (1024,1024)
  mirr tex: (1024,0) (0,0) (1024,1024) (0,1024)
quad #154 layer=""
  orig points: (345572,482771) (334036,482770) (345572,471234) (334036,471234) (339804,477002)
  mirr points: (12076,482770) (540,482771) (12076,471234) (540,471234) (6308,477002)
  orig tex: (0,0) (1024,0) (0,1024) (1024,1024)
  mirr tex: (1024,0) (0,0) (1024,1024) (0,1024)
quad #155 layer=""
  orig points: (277049,427425) (265513,427425) (277049,415888) (265513,415888) (271281,421656)
  mirr points: (80599,427425) (69063,427425) (80599,415888) (69063,415888) (74831,421656)
  orig tex: (0,0) (1024,0) (0,1024) (1024,1024)
  mirr tex: (1024,0) (0,0) (1024,1024) (0,1024)
quad #156 layer=""
  orig points: (102448,442579) (90912,442579) (102448,431043) (90912,431043) (96680,436811)
  mirr points: (255200,442579) (243664,442579) (255200,431043) (243664,431043) (249432,436811)
  orig tex: (0,0) (1024,0) (0,1024) (1024,1024)
  mirr tex: (1024,0) (0,0) (1024,1024) (0,1024)
quad #157 layer=""
  orig points: (325479,314173) (325479,331709) (307943,314173) (307943,331709) (316711,322941)
  mirr points: (20633,331709) (20633,314173) (38169,331709) (38169,314173) (29401,322941)
  orig tex: (0,0) (1024,0) (0,1024) (1024,1024)
  mirr tex: (1024,0) (0,0) (1024,1024) (0,1024)
quad #158 layer=""
  orig points: (192301,346943) (192299,329407) (209836,346943) (209836,329407) (201067,338175)
  mirr points: (153813,329407) (153811,346943) (136276,329407) (136276,346943) (145045,338175)
  orig tex: (0,0) (1024,0) (0,1024) (1024,1024)
  mirr tex: (1024,0) (0,0) (1024,1024) (0,1024)
quad #159 layer=""
  orig points: (272098,417406) (272096,399870) (289632,417406) (289632,399870) (280864,408638)
  mirr points: (74016,399870) (74014,417406) (56480,399870) (56480,417406) (65248,408638)
  orig tex: (0,0) (1024,0) (0,1024) (1024,1024)
  mirr tex: (1024,0) (0,0) (1024,1024) (0,1024)
quad #160 layer=""
  orig points: (189313,229759) (189313,218223) (200849,229759) (200849,218223) (195081,223991)
  mirr points: (156799,218223) (156799,229759) (145263,218223) (145263,229759) (151031,223991)
  orig tex: (0,0) (1024,0) (0,1024) (1024,1024)
  mirr tex: (1024,0) (0,0) (1024,1024) (0,1024)
quad #161 layer=""
  orig points: (7169,312374) (7169,323910) (-4367,312374) (-4367,323910) (1401,318142)
  mirr points: (338943,323910) (338943,312374) (350479,323910) (350479,312374) (344711,318142)
  orig tex: (0,0) (1024,0) (0,1024) (1024,1024)
  mirr tex: (1024,0) (0,0) (1024,1024) (0,1024)
quad #162 layer=""
  orig points: (-59172,349776) (-59171,367312) (-76708,349776) (-76707,367312) (-67939,358544)
  mirr points: (405283,367312) (405284,349776) (422819,367312) (422820,349776) (414051,358544)
  orig tex: (0,0) (1024,0) (0,1024) (1024,1024)
  mirr tex: (1024,0) (0,0) (1024,1024) (0,1024)
quad #163 layer=""
  orig points: (-59426,470455) (-59426,481991) (-70962,470455) (-70962,481991) (-65194,476223)
  mirr points: (405538,481991) (405538,470455) (417074,481991) (417074,470455) (411306,476223)
  orig tex: (0,0) (1024,0) (0,1024) (1024,1024)
  mirr tex: (1024,0) (0,0) (1024,1024) (0,1024)
quad #164 layer=""
  orig points: (12762,459382) (12762,470918) (1226,459382) (1226,470918) (6994,465150)
  mirr points: (333350,470918) (333350,459382) (344886,470918) (344886,459382) (339118,465150)
  orig tex: (0,0) (1024,0) (0,1024) (1024,1024)
  mirr tex: (1024,0) (0,0) (1024,1024) (0,1024)
quad #165 layer=""
  orig points: (18538,358116) (30074,358116) (18538,369652) (30074,369652) (24306,363884)
  mirr points: (316038,358116) (327574,358116) (316038,369652) (327574,369652) (321806,363884)
  orig tex: (0,0) (1024,0) (0,1024) (1024,1024)
  mirr tex: (1024,0) (0,0) (1024,1024) (0,1024)
quad #166 layer=""
  orig points: (-24104,429787) (-6568,429786) (-24104,447322) (-6568,447322) (-15337,438554)
  mirr points: (352680,429786) (370216,429787) (352680,447322) (370216,447322) (361449,438554)
  orig tex: (0,0) (1024,0) (0,1024) (1024,1024)
  mirr tex: (1024,0) (0,0) (1024,1024) (0,1024)
quad #167 layer=""
  orig points: (66677,294009) (66675,276473) (84212,294009) (84212,276473) (75443,285241)
  mirr points: (279437,276473) (279435,294009) (261900,276473) (261900,294009) (270669,285241)
  orig tex: (0,0) (1024,0) (0,1024) (1024,1024)
  mirr tex: (1024,0) (0,0) (1024,1024) (0,1024)
quad #168 layer=""
  orig points: (670313,167969) (670313,179505) (658777,167970) (658777,179505) (664545,173737)
  mirr points: (-324201,179505) (-324201,167969) (-312665,179505) (-312665,167970) (-318433,173737)
  orig tex: (0,0) (1024,0) (0,1024) (1024,1024)
  mirr tex: (1024,0) (0,0) (1024,1024) (0,1024)
quad #169 layer=""
  orig points: (795529,123468) (795529,135004) (783993,123469) (783993,135004) (789761,129236)
  mirr points: (-449417,135004) (-449417,123468) (-437881,135004) (-437881,123469) (-443649,129236)
  orig tex: (0,0) (1024,0) (0,1024) (1024,1024)
  mirr tex: (1024,0) (0,0) (1024,1024) (0,1024)
quad #170 layer=""
  orig points: (518927,502437) (530463,502437) (518928,513973) (530463,513973) (524695,508205)
  mirr points: (-184351,502437) (-172815,502437) (-184351,513973) (-172816,513973) (-178583,508205)
  orig tex: (0,0) (1024,0) (0,1024) (1024,1024)
  mirr tex: (1024,0) (0,0) (1024,1024) (0,1024)
quad #171 layer=""
  orig points: (712326,557806) (712326,575342) (694790,557806) (694790,575342) (703558,566574)
  mirr points: (-366214,575342) (-366214,557806) (-348678,575342) (-348678,557806) (-357446,566574)
  orig tex: (0,0) (1024,0) (0,1024) (1024,1024)
  mirr tex: (1024,0) (0,0) (1024,1024) (0,1024)
quad #172 layer=""
  orig points: (659000,518725) (647464,518724) (659000,507188) (647464,507188) (653232,512956)
  mirr points: (-301352,518724) (-312888,518725) (-301352,507188) (-312888,507188) (-307120,512956)
  orig tex: (0,0) (1024,0) (0,1024) (1024,1024)
  mirr tex: (1024,0) (0,0) (1024,1024) (0,1024)
quad #173 layer=""
  orig points: (590477,463378) (578941,463378) (590477,451842) (578941,451842) (584709,457610)
  mirr points: (-232829,463378) (-244365,463378) (-232829,451842) (-244365,451842) (-238597,457610)
  orig tex: (0,0) (1024,0) (0,1024) (1024,1024)
  mirr tex: (1024,0) (0,0) (1024,1024) (0,1024)
quad #174 layer=""
  orig points: (753877,471285) (742341,471285) (753877,459749) (742341,459749) (748109,465517)
  mirr points: (-396229,471285) (-407765,471285) (-396229,459749) (-407765,459749) (-401997,465517)
  orig tex: (0,0) (1024,0) (0,1024) (1024,1024)
  mirr tex: (1024,0) (0,0) (1024,1024) (0,1024)
quad #175 layer=""
  orig points: (738723,538491) (727187,538491) (738723,526955) (727187,526955) (732955,532723)
  mirr points: (-381075,538491) (-392611,538491) (-381075,526955) (-392611,526955) (-386843,532723)
  orig tex: (0,0) (1024,0) (0,1024) (1024,1024)
  mirr tex: (1024,0) (0,0) (1024,1024) (0,1024)
quad #176 layer=""
  orig points: (698037,415094) (709573,415094) (698037,426630) (709573,426630) (703805,420862)
  mirr points: (-363461,415094) (-351925,415094) (-363461,426630) (-351925,426630) (-357693,420862)
  orig tex: (0,0) (1024,0) (0,1024) (1024,1024)
  mirr tex: (1024,0) (0,0) (1024,1024) (0,1024)
quad #177 layer=""
  orig points: (702084,388430) (719620,388430) (702084,405966) (719620,405966) (710852,397198)
  mirr points: (-373508,388430) (-355972,388430) (-373508,405966) (-355972,405966) (-364740,397198)
  orig tex: (0,0) (1024,0) (0,1024) (1024,1024)
  mirr tex: (1024,0) (0,0) (1024,1024) (0,1024)
quad #178 layer=""
  orig points: (505729,382896) (505727,365360) (523264,382896) (523264,365360) (514495,374128)
  mirr points: (-159615,365360) (-159617,382896) (-177152,365360) (-177152,382896) (-168383,374128)
  orig tex: (0,0) (1024,0) (0,1024) (1024,1024)
  mirr tex: (1024,0) (0,0) (1024,1024) (0,1024)
quad #179 layer=""
  orig points: (585526,453360) (585524,435824) (603060,453360) (603060,435824) (594292,444592)
  mirr points: (-239412,435824) (-239414,453360) (-256948,435824) (-256948,453360) (-248180,444592)
  orig tex: (0,0) (1024,0) (0,1024) (1024,1024)
  mirr tex: (1024,0) (0,0) (1024,1024) (0,1024)
quad #180 layer=""
  orig points: (-819772,208176) (-808236,208176) (-819772,219712) (-808236,219712) (-814004,213944)
  mirr points: (1154348,208176) (1165884,208176) (1154348,219712) (1165884,219712) (1160116,213944)
  orig tex: (0,0) (1024,0) (0,1024) (1024,1024)
  mirr tex: (1024,0) (0,0) (1024,1024) (0,1024)
quad #181 layer=""
  orig points: (-769240,283581) (-757704,283581) (-769240,295117) (-757704,295117) (-763472,289349)
  mirr points: (1103816,283581) (1115352,283581) (1103816,295117) (1115352,295117) (1109584,289349)
  orig tex: (0,0) (1024,0) (0,1024) (1024,1024)
  mirr tex: (1024,0) (0,0) (1024,1024) (0,1024)
quad #182 layer=""
  orig points: (-652111,203472) (-652111,221008) (-669647,203472) (-669647,221009) (-660879,212240)
  mirr points: (998223,221008) (998223,203472) (1015759,221009) (1015759,203472) (1006991,212240)
  orig tex: (0,0) (1024,0) (0,1024) (1024,1024)
  mirr tex: (1024,0) (0,0) (1024,1024) (0,1024)
quad #183 layer=""
  orig points: (-667775,341562) (-656239,341562) (-667775,353098) (-656239,353098) (-662007,347330)
  mirr points: (1002351,341562) (1013887,341562) (1002351,353098) (1013887,353098) (1008119,347330)
  orig tex: (0,0) (1024,0) (0,1024) (1024,1024)
  mirr tex: (1024,0) (0,0) (1024,1024) (0,1024)
quad #184 layer=""
  orig points: (-883456,603245) (-865920,603245) (-883456,620781) (-865920,620781) (-874688,612013)
  mirr points: (1212032,603245) (1229568,603245) (1212032,620781) (1229568,620781) (1220800,612013)
  orig tex: (0,0) (1024,0) (0,1024) (1024,1024)
  mirr tex: (1024,0) (0,0) (1024,1024) (0,1024)
quad #185 layer=""
  orig points: (-762777,603500) (-751241,603500) (-762777,615036) (-751241,615036) (-757009,609268)
  mirr points: (1097353,603500) (1108889,603500) (1097353,615036) (1108889,615036) (1103121,609268)
  orig tex: (0,0) (1024,0) (0,1024) (1024,1024)
  mirr tex: (1024,0) (0,0) (1024,1024) (0,1024)
quad #186 layer=""
  orig points: (-773850,531314) (-762314,531314) (-773850,542850) (-762314,542850) (-768082,537082)
  mirr points: (1108426,531314) (1119962,531314) (1108426,542850) (1119962,542850) (1114194,537082)
  orig tex: (0,0) (1024,0) (0,1024) (1024,1024)
  mirr tex: (1024,0) (0,0) (1024,1024) (0,1024)
quad #187 layer=""
  orig points: (-803445,568180) (-803446,550644) (-785910,568180) (-785910,550644) (-794678,559412)
  mirr points: (1149558,550644) (1149557,568180) (1132022,550644) (1132022,568180) (1140790,559412)
  orig tex: (0,0) (1024,0) (0,1024) (1024,1024)
  mirr tex: (1024,0) (0,0) (1024,1024) (0,1024)
quad #188 layer=""
  orig points: (437879,-693379) (426343,-693379) (437879,-704915) (426343,-704915) (432111,-699147)
  mirr points: (-80231,-693379) (-91767,-693379) (-80231,-704915) (-91767,-704915) (-85999,-699147)
  orig tex: (0,0) (1024,0) (0,1024) (1024,1024)
  mirr tex: (1024,0) (0,0) (1024,1024) (0,1024)
quad #189 layer=""
  orig points: (623972,-731872) (635508,-731872) (623972,-720336) (635508,-720336) (629740,-726104)
  mirr points: (-289396,-731872) (-277860,-731872) (-289396,-720336) (-277860,-720336) (-283628,-726104)
  orig tex: (0,0) (1024,0) (0,1024) (1024,1024)
  mirr tex: (1024,0) (0,0) (1024,1024) (0,1024)
quad #190 layer=""
  orig points: (-42644,-756542) (-25108,-756542) (-42644,-739006) (-25108,-739006) (-33876,-747774)
  mirr points: (371220,-756542) (388756,-756542) (371220,-739006) (388756,-739006) (379988,-747774)
  orig tex: (0,0) (1024,0) (0,1024) (1024,1024)
  mirr tex: (1024,0) (0,0) (1024,1024) (0,1024)
quad #191 layer=""
  orig points: (-81725,-703216) (-81726,-691680) (-93262,-703216) (-93262,-691680) (-87494,-697448)
  mirr points: (427838,-691680) (427837,-703216) (439374,-691680) (439374,-703216) (433606,-697448)
  orig tex: (0,0) (1024,0) (0,1024) (1024,1024)
  mirr tex: (1024,0) (0,0) (1024,1024) (0,1024)
quad #192 layer=""
  orig points: (-61959,-782939) (-61959,-771403) (-73495,-782939) (-73495,-771403) (-67727,-777171)
  mirr points: (408071,-771403) (408071,-782939) (419607,-771403) (419607,-782939) (413839,-777171)
  orig tex: (0,0) (1024,0) (0,1024) (1024,1024)
  mirr tex: (1024,0) (0,0) (1024,1024) (0,1024)
quad #193 layer=""
  orig points: (-250323,-683123) (-232787,-683123) (-250323,-665587) (-232787,-665587) (-241555,-674355)
  mirr points: (578899,-683123) (596435,-683123) (578899,-665587) (596435,-665587) (587667,-674355)
  orig tex: (0,0) (1024,0) (0,1024) (1024,1024)
  mirr tex: (1024,0) (0,0) (1024,1024) (0,1024)
quad #194 layer=""
  orig points: (-185356,-742252) (-185356,-753788) (-173820,-742252) (-173820,-753788) (-179588,-748020)
  mirr points: (531468,-753788) (531468,-742252) (519932,-753788) (519932,-742252) (525700,-748020)
  orig tex: (0,0) (1024,0) (0,1024) (1024,1024)
  mirr tex: (1024,0) (0,0) (1024,1024) (0,1024)
quad #195 layer=""
  orig points: (-212020,-746299) (-212020,-763835) (-194484,-746299) (-194484,-763835) (-203252,-755067)
  mirr points: (558132,-763835) (558132,-746299) (540596,-763835) (540596,-746299) (549364,-755067)
  orig tex: (0,0) (1024,0) (0,1024) (1024,1024)
  mirr tex: (1024,0) (0,0) (1024,1024) (0,1024)
quad #196 layer=""
  orig points: (362146,-653083) (350610,-653083) (362146,-664619) (350610,-664619) (356378,-658851)
  mirr points: (-4498,-653083) (-16034,-653083) (-4498,-664619) (-16034,-664619) (-10266,-658851)
  orig tex: (0,0) (1024,0) (0,1024) (1024,1024)
  mirr tex: (1024,0) (0,0) (1024,1024) (0,1024)
quad #197 layer=""
  orig points: (324744,-719422) (307208,-719422) (324744,-736958) (307208,-736958) (315976,-728190)
  mirr points: (38904,-719422) (21368,-719422) (38904,-736958) (21368,-736958) (30136,-728190)
  orig tex: (0,0) (1024,0) (0,1024) (1024,1024)
  mirr tex: (1024,0) (0,0) (1024,1024) (0,1024)
quad #198 layer=""
  orig points: (204065,-719677) (192529,-719677) (204065,-731213) (192529,-731213) (198297,-725445)
  mirr points: (153583,-719677) (142047,-719677) (153583,-731213) (142047,-731213) (147815,-725445)
  orig tex: (0,0) (1024,0) (0,1024) (1024,1024)
  mirr tex: (1024,0) (0,0) (1024,1024) (0,1024)
quad #199 layer=""
  orig points: (215138,-647491) (203602,-647491) (215138,-659027) (203602,-659027) (209370,-653259)
  mirr points: (142510,-647491) (130974,-647491) (142510,-659027) (130974,-659027) (136742,-653259)
  orig tex: (0,0) (1024,0) (0,1024) (1024,1024)
  mirr tex: (1024,0) (0,0) (1024,1024) (0,1024)
quad #200 layer=""
  orig points: (244733,-684356) (244734,-666821) (227198,-684356) (227198,-666821) (235966,-675588)
  mirr points: (101378,-666821) (101379,-684356) (118914,-666821) (118914,-684356) (110146,-675588)
  orig tex: (0,0) (1024,0) (0,1024) (1024,1024)
  mirr tex: (1024,0) (0,0) (1024,1024) (0,1024)
quad #201 layer=""
  orig points: (-639347,-684762) (-627811,-684762) (-639347,-673226) (-627811,-673226) (-633579,-678994)
  mirr points: (973923,-684762) (985459,-684762) (973923,-673226) (985459,-673226) (979691,-678994)
  orig tex: (0,0) (1024,0) (0,1024) (1024,1024)
  mirr tex: (1024,0) (0,0) (1024,1024) (0,1024)
quad #202 layer=""
  orig points: (-650420,-756949) (-638884,-756949) (-650420,-745413) (-638884,-745413) (-644652,-751181)
  mirr points: (984996,-756949) (996532,-756949) (984996,-745413) (996532,-745413) (990764,-751181)
  orig tex: (0,0) (1024,0) (0,1024) (1024,1024)
  mirr tex: (1024,0) (0,0) (1024,1024) (0,1024)
quad #203 layer=""
  orig points: (-680015,-720083) (-680016,-737619) (-662480,-720083) (-662480,-737619) (-671248,-728851)
  mirr points: (1026128,-737619) (1026127,-720083) (1008592,-737619) (1008592,-720083) (1017360,-728851)
  orig tex: (0,0) (1024,0) (0,1024) (1024,1024)
  mirr tex: (1024,0) (0,0) (1024,1024) (0,1024)
quad #204 layer=""
  orig points: (-491381,-678246) (-508917,-678246) (-491381,-695782) (-508918,-695782) (-500149,-687014)
  mirr points: (855029,-678246) (837493,-678246) (855030,-695782) (837493,-695782) (846261,-687014)
  orig tex: (0,0) (1024,0) (0,1024) (1024,1024)
  mirr tex: (1024,0) (0,0) (1024,1024) (0,1024)
quad #205 layer=""
  orig points: (-522947,-707350) (-522947,-695814) (-534483,-707350) (-534483,-695814) (-528715,-701582)
  mirr points: (869059,-695814) (869059,-707350) (880595,-695814) (880595,-707350) (874827,-701582)
  orig tex: (0,0) (1024,0) (0,1024) (1024,1024)
  mirr tex: (1024,0) (0,0) (1024,1024) (0,1024)
quad #206 layer=""
  orig points: (-421251,-688207) (-421251,-699743) (-409716,-688207) (-409716,-699743) (-415483,-693975)
  mirr points: (767363,-699743) (767363,-688207) (755828,-699743) (755828,-688207) (761595,-693975)
  orig tex: (0,0) (1024,0) (0,1024) (1024,1024)
  mirr tex: (1024,0) (0,0) (1024,1024) (0,1024)
quad #207 layer=""
  orig points: (-336790,-772118) (-336790,-760582) (-348326,-772118) (-348326,-760582) (-342558,-766350)
  mirr points: (682902,-760582) (682902,-772118) (694438,-760582) (694438,-772118) (688670,-766350)
  orig tex: (0,0) (1024,0) (0,1024) (1024,1024)
  mirr tex: (1024,0) (0,0) (1024,1024) (0,1024)
quad #208 layer=""
  orig points: (-761690,-645238) (-773226,-645238) (-761691,-656774) (-773226,-656774) (-767458,-651006)
  mirr points: (1119338,-645238) (1107802,-645238) (1119338,-656774) (1107803,-656774) (1113570,-651006)
  orig tex: (0,0) (1024,0) (0,1024) (1024,1024)
  mirr tex: (1024,0) (0,0) (1024,1024) (0,1024)
quad #209 layer=""
  orig points: (-910331,-696071) (-910331,-707607) (-898795,-696071) (-898795,-707607) (-904563,-701839)
  mirr points: (1256443,-707607) (1256443,-696071) (1244907,-707607) (1244907,-696071) (1250675,-701839)
  orig tex: (0,0) (1024,0) (0,1024) (1024,1024)
  mirr tex: (1024,0) (0,0) (1024,1024) (0,1024)
quad #210 layer=""
  orig points: (-843991,-733473) (-843991,-751009) (-826455,-733473) (-826455,-751009) (-835223,-742241)
  mirr points: (1190103,-751009) (1190103,-733473) (1172567,-751009) (1172567,-733473) (1181335,-742241)
  orig tex: (0,0) (1024,0) (0,1024) (1024,1024)
  mirr tex: (1024,0) (0,0) (1024,1024) (0,1024)
quad #211 layer=""
  orig points: (1014069,199505) (1031605,199505) (1014069,217041) (1031606,217041) (1022837,208273)
  mirr points: (-685493,199505) (-667957,199505) (-685494,217041) (-667957,217041) (-676725,208273)
  orig tex: (0,0) (1024,0) (0,1024) (1024,1024)
  mirr tex: (1024,0) (0,0) (1024,1024) (0,1024)
quad #212 layer=""
  orig points: (1045635,228609) (1045635,217073) (1057171,228609) (1057171,217073) (1051403,222841)
  mirr points: (-699523,217073) (-699523,228609) (-711059,217073) (-711059,228609) (-705291,222841)
  orig tex: (0,0) (1024,0) (0,1024) (1024,1024)
  mirr tex: (1024,0) (0,0) (1024,1024) (0,1024)
quad #213 layer=""
  orig points: (967844,106416) (967844,94880) (979380,106415) (979380,94880) (973612,100648)
  mirr points: (-621732,94880) (-621732,106416) (-633268,94880) (-633268,106415) (-627500,100648)
  orig tex: (0,0) (1024,0) (0,1024) (1024,1024)
  mirr tex: (1024,0) (0,0) (1024,1024) (0,1024)
quad #214 layer=""
  orig points: (1023213,-86983) (1040749,-86983) (1023213,-69447) (1040749,-69447) (1031981,-78215)
  mirr points: (-694637,-86983) (-677101,-86983) (-694637,-69447) (-677101,-69447) (-685869,-78215)
  orig tex: (0,0) (1024,0) (0,1024) (1024,1024)
  mirr tex: (1024,0) (0,0) (1024,1024) (0,1024)
quad #215 layer=""
  orig points: (984132,-33657) (984131,-22121) (972595,-33657) (972595,-22121) (978363,-27889)
  mirr points: (-638019,-22121) (-638020,-33657) (-626483,-22121) (-626483,-33657) (-632251,-27889)
  orig tex: (0,0) (1024,0) (0,1024) (1024,1024)
  mirr tex: (1024,0) (0,0) (1024,1024) (0,1024)
quad #216 layer=""
  orig points: (928785,34866) (928785,46402) (917249,34866) (917249,46402) (923017,40634)
  mirr points: (-582673,46402) (-582673,34866) (-571137,46402) (-571137,34866) (-576905,40634)
  orig tex: (0,0) (1024,0) (0,1024) (1024,1024)
  mirr tex: (1024,0) (0,0) (1024,1024) (0,1024)
quad #217 layer=""
  orig points: (943939,209467) (943939,221003) (932403,209467) (932403,221003) (938171,215235)
  mirr points: (-597827,221003) (-597827,209467) (-586291,221003) (-586291,209467) (-592059,215235)
  orig tex: (0,0) (1024,0) (0,1024) (1024,1024)
  mirr tex: (1024,0) (0,0) (1024,1024) (0,1024)
quad #218 layer=""
  orig points: (936692,-128534) (936692,-116998) (925156,-128534) (925156,-116998) (930924,-122766)
  mirr points: (-590580,-116998) (-590580,-128534) (-579044,-116998) (-579044,-128534) (-584812,-122766)
  orig tex: (0,0) (1024,0) (0,1024) (1024,1024)
  mirr tex: (1024,0) (0,0) (1024,1024) (0,1024)
quad #219 layer=""
  orig points: (1003898,-113380) (1003898,-101844) (992362,-113380) (992362,-101844) (998130,-107612)
  mirr points: (-657786,-101844) (-657786,-113380) (-646250,-101844) (-646250,-113380) (-652018,-107612)
  orig tex: (0,0) (1024,0) (0,1024) (1024,1024)
  mirr tex: (1024,0) (0,0) (1024,1024) (0,1024)
quad #220 layer=""
  orig points: (880501,-72693) (880501,-84229) (892037,-72693) (892037,-84229) (886269,-78461)
  mirr points: (-534389,-84229) (-534389,-72693) (-545925,-84229) (-545925,-72693) (-540157,-78461)
  orig tex: (0,0) (1024,0) (0,1024) (1024,1024)
  mirr tex: (1024,0) (0,0) (1024,1024) (0,1024)
quad #221 layer=""
  orig points: (853837,-76740) (853837,-94276) (871373,-76740) (871373,-94276) (862605,-85508)
  mirr points: (-507725,-94276) (-507725,-76740) (-525261,-94276) (-525261,-76740) (-516493,-85508)
  orig tex: (0,0) (1024,0) (0,1024) (1024,1024)
  mirr tex: (1024,0) (0,0) (1024,1024) (0,1024)
quad #222 layer=""
  orig points: (918767,39817) (901231,39819) (918767,22283) (901231,22283) (909999,31051)
  mirr points: (-555119,39819) (-572655,39817) (-555119,22283) (-572655,22283) (-563887,31051)
  orig tex: (0,0) (1024,0) (0,1024) (1024,1024)
  mirr tex: (1024,0) (0,0) (1024,1024) (0,1024)
quad #223 layer=""
  orig points: (851136,371087) (868672,371087) (851136,388622) (868672,388622) (859904,379855)
  mirr points: (-522560,371087) (-505024,371087) (-522560,388622) (-505024,388622) (-513792,379855)
  orig tex: (0,0) (1024,0) (0,1024) (1024,1024)
  mirr tex: (1024,0) (0,0) (1024,1024) (0,1024)
quad #224 layer=""
  orig points: (971815,371341) (983351,371341) (971815,382877) (983351,382877) (977583,377109)
  mirr points: (-637239,371341) (-625703,371341) (-637239,382877) (-625703,382877) (-631471,377109)
  orig tex: (0,0) (1024,0) (0,1024) (1024,1024)
  mirr tex: (1024,0) (0,0) (1024,1024) (0,1024)
quad #225 layer=""
  orig points: (960742,299153) (972278,299153) (960742,310689) (972278,310689) (966510,304921)
  mirr points: (-626166,299153) (-614630,299153) (-626166,310689) (-614630,310689) (-620398,304921)
  orig tex: (0,0) (1024,0) (0,1024) (1024,1024)
  mirr tex: (1024,0) (0,0) (1024,1024) (0,1024)
quad #226 layer=""
  orig points: (859476,293378) (859476,281842) (871012,293378) (871012,281842) (865244,287610)
  mirr points: (-513364,281842) (-513364,293378) (-524900,281842) (-524900,293378) (-519132,287610)
  orig tex: (0,0) (1024,0) (0,1024) (1024,1024)
  mirr tex: (1024,0) (0,0) (1024,1024) (0,1024)
quad #227 layer=""
  orig points: (931147,336019) (931146,318483) (948682,336019) (948682,318483) (939914,327251)
  mirr points: (-585034,318483) (-585035,336019) (-602570,318483) (-602570,336019) (-593802,327251)
  orig tex: (0,0) (1024,0) (0,1024) (1024,1024)
  mirr tex: (1024,0) (0,0) (1024,1024) (0,1024)
quad #228 layer=""
  orig points: (966060,-712179) (983596,-712179) (966060,-694643) (983596,-694643) (974828,-703411)
  mirr points: (-637484,-712179) (-619948,-712179) (-637484,-694643) (-619948,-694643) (-628716,-703411)
  orig tex: (0,0) (1024,0) (0,1024) (1024,1024)
  mirr tex: (1024,0) (0,0) (1024,1024) (0,1024)
quad #229 layer=""
  orig points: (1046576,-304869) (1046576,-293333) (1035040,-304869) (1035040,-293333) (1040808,-299101)
  mirr points: (-700464,-293333) (-700464,-304869) (-688928,-293333) (-688928,-304869) (-694696,-299101)
  orig tex: (0,0) (1024,0) (0,1024) (1024,1024)
  mirr tex: (1024,0) (0,0) (1024,1024) (0,1024)
quad #230 layer=""
  orig points: (1008775,-486864) (1020311,-486864) (1008775,-475328) (1020311,-475328) (1014543,-481096)
  mirr points: (-674199,-486864) (-662663,-486864) (-674199,-475328) (-662663,-475328) (-668431,-481096)
  orig tex: (0,0) (1024,0) (0,1024) (1024,1024)
  mirr tex: (1024,0) (0,0) (1024,1024) (0,1024)
quad #231 layer=""
  orig points: (967780,-527971) (979316,-527971) (967780,-516435) (979316,-516435) (973548,-522203)
  mirr points: (-633204,-527971) (-621668,-527971) (-633204,-516435) (-621668,-516435) (-627436,-522203)
  orig tex: (0,0) (1024,0) (0,1024) (1024,1024)
  mirr tex: (1024,0) (0,0) (1024,1024) (0,1024)
quad #232 layer=""
  orig points: (947480,-320902) (959016,-320902) (947480,-309366) (959016,-309366) (953248,-315134)
  mirr points: (-612904,-320902) (-601368,-320902) (-612904,-309366) (-601368,-309366) (-607136,-315134)
  orig tex: (0,0) (1024,0) (0,1024) (1024,1024)
  mirr tex: (1024,0) (0,0) (1024,1024) (0,1024)
quad #233 layer=""
  orig points: (1003179,566743) (985643,566743) (1003179,549207) (985643,549207) (994411,557975)
  mirr points: (-639531,566743) (-657067,566743) (-639531,549207) (-657067,549207) (-648299,557975)
  orig tex: (0,0) (1024,0) (0,1024) (1024,1024)
  mirr tex: (1024,0) (0,0) (1024,1024) (0,1024)
quad #234 layer=""
  orig points: (938212,625872) (938212,637408) (926676,625872) (926676,637408) (932444,631640)
  mirr points: (-592100,637408) (-592100,625872) (-580564,637408) (-580564,625872) (-586332,631640)
  orig tex: (0,0) (1024,0) (0,1024) (1024,1024)
  mirr tex: (1024,0) (0,0) (1024,1024) (0,1024)
quad #235 layer=""
  orig points: (964876,629919) (964876,647455) (947340,629919) (947340,647455) (956108,638687)
  mirr points: (-618764,647455) (-618764,629919) (-601228,647455) (-601228,629919) (-609996,638687)
  orig tex: (0,0) (1024,0) (0,1024) (1024,1024)
  mirr tex: (1024,0) (0,0) (1024,1024) (0,1024)
quad #236 layer=""
  orig points: (785461,-534558) (796997,-534558) (785461,-523022) (796997,-523022) (791229,-528790)
  mirr points: (-450885,-534558) (-439349,-534558) (-450885,-523022) (-439349,-523022) (-445117,-528790)
  orig tex: (0,0) (1024,0) (0,1024) (1024,1024)
  mirr tex: (1024,0) (0,0) (1024,1024) (0,1024)
quad #237 layer=""
  orig points: (901861,-557146) (901861,-545610) (890325,-557146) (890325,-545610) (896093,-551378)
  mirr points: (-555749,-545610) (-555749,-557146) (-544213,-545610) (-544213,-557146) (-549981,-551378)
  orig tex: (0,0) (1024,0) (0,1024) (1024,1024)
  mirr tex: (1024,0) (0,0) (1024,1024) (0,1024)
quad #238 layer=""
  orig points: (854436,-390451) (854436,-378915) (842900,-390450) (842900,-378915) (848668,-384683)
  mirr points: (-508324,-378915) (-508324,-390451) (-496788,-378915) (-496788,-390450) (-502556,-384683)
  orig tex: (0,0) (1024,0) (0,1024) (1024,1024)
  mirr tex: (1024,0) (0,0) (1024,1024) (0,1024)
quad #239 layer=""
  orig points: (-7700480,196608) (-6356992,196608) (-7700480,589824) (-6356992,589824) (-6815744,458752)
  mirr points: (6703104,196608) (8046592,196608) (6703104,589824) (8046592,589824) (7161856,458752)
  orig tex: (0,0) (1024,0) (0,1024) (1024,1024)
  mirr tex: (1024,0) (0,0) (1024,1024) (0,1024)
quad #240 layer=""
  orig points: (-6356992,196608) (-5013504,196608) (-6356992,589824) (-5013504,589824) (-5472256,458752)
  mirr points: (5359616,196608) (6703104,196608) (5359616,589824) (6703104,589824) (5818368,458752)
  orig tex: (0,0) (1024,0) (0,1024) (1024,1024)
  mirr tex: (1024,0) (0,0) (1024,1024) (0,1024)
quad #241 layer=""
  orig points: (-5013504,196608) (-3670016,196608) (-5013504,589824) (-3670016,589824) (-4128768,458752)
  mirr points: (4016128,196608) (5359616,196608) (4016128,589824) (5359616,589824) (4474880,458752)
  orig tex: (0,0) (1024,0) (0,1024) (1024,1024)
  mirr tex: (1024,0) (0,0) (1024,1024) (0,1024)
quad #242 layer=""
  orig points: (-3670016,196608) (-2326528,196608) (-3670016,589824) (-2326528,589824) (-2785280,458752)
  mirr points: (2672640,196608) (4016128,196608) (2672640,589824) (4016128,589824) (3131392,458752)
  orig tex: (0,0) (1024,0) (0,1024) (1024,1024)
  mirr tex: (1024,0) (0,0) (1024,1024) (0,1024)
quad #243 layer=""
  orig points: (-2326528,196608) (-983040,196608) (-2326528,589824) (-983040,589824) (-1441792,458752)
  mirr points: (1329152,196608) (2672640,196608) (1329152,589824) (2672640,589824) (1787904,458752)
  orig tex: (0,0) (1024,0) (0,1024) (1024,1024)
  mirr tex: (1024,0) (0,0) (1024,1024) (0,1024)
quad #244 layer=""
  orig points: (-983040,196608) (360448,196608) (-983040,589824) (360448,589824) (-98304,458752)
  mirr points: (-14336,196608) (1329152,196608) (-14336,589824) (1329152,589824) (444416,458752)
  orig tex: (0,0) (1024,0) (0,1024) (1024,1024)
  mirr tex: (1024,0) (0,0) (1024,1024) (0,1024)
quad #245 layer=""
  orig points: (360448,196608) (1703936,196608) (360448,589824) (1703936,589824) (1245184,458752)
  mirr points: (-1357824,196608) (-14336,196608) (-1357824,589824) (-14336,589824) (-899072,458752)
  orig tex: (0,0) (1024,0) (0,1024) (1024,1024)
  mirr tex: (1024,0) (0,0) (1024,1024) (0,1024)
quad #246 layer=""
  orig points: (1703936,196608) (3047424,196608) (1703936,589824) (3047424,589824) (2588672,458752)
  mirr points: (-2701312,196608) (-1357824,196608) (-2701312,589824) (-1357824,589824) (-2242560,458752)
  orig tex: (0,0) (1024,0) (0,1024) (1024,1024)
  mirr tex: (1024,0) (0,0) (1024,1024) (0,1024)
quad #247 layer=""
  orig points: (3047424,196608) (4390912,196608) (3047424,589824) (4390912,589824) (3932160,458752)
  mirr points: (-4044800,196608) (-2701312,196608) (-4044800,589824) (-2701312,589824) (-3586048,458752)
  orig tex: (0,0) (1024,0) (0,1024) (1024,1024)
  mirr tex: (1024,0) (0,0) (1024,1024) (0,1024)
quad #248 layer=""
  orig points: (4390912,196608) (5734400,196608) (4390912,589824) (5734400,589824) (5275648,458752)
  mirr points: (-5388288,196608) (-4044800,196608) (-5388288,589824) (-4044800,589824) (-4929536,458752)
  orig tex: (0,0) (1024,0) (0,1024) (1024,1024)
  mirr tex: (1024,0) (0,0) (1024,1024) (0,1024)
quad #249 layer=""
  orig points: (5734400,196608) (7077888,196608) (5734400,589824) (7077888,589824) (6619136,458752)
  mirr points: (-6731776,196608) (-5388288,196608) (-6731776,589824) (-5388288,589824) (-6273024,458752)
  orig tex: (0,0) (1024,0) (0,1024) (1024,1024)
  mirr tex: (1024,0) (0,0) (1024,1024) (0,1024)
quad #250 layer=""
  orig points: (7077888,196608) (8421376,196608) (7077888,589824) (8421376,589824) (7962624,458752)
  mirr points: (-8075264,196608) (-6731776,196608) (-8075264,589824) (-6731776,589824) (-7616512,458752)
  orig tex: (0,0) (1024,0) (0,1024) (1024,1024)
  mirr tex: (1024,0) (0,0) (1024,1024) (0,1024)
quad #251 layer=""
  orig points: (-7700480,524288) (8421376,524288) (-7700480,3145728) (8421376,3145728) (-6553600,1441792)
  mirr points: (-8075264,524288) (8046592,524288) (-8075264,3145728) (8046592,3145728) (6899712,1441792)
  orig tex: (0,0) (1024,0) (0,1024) (1024,1024)
  mirr tex: (1024,0) (0,0) (1024,1024) (0,1024)
quad #252 layer=""
  orig points: (654424,5455646) (1009843,5455646) (654424,5550748) (1009843,5550748) (821758,5511856)
  mirr points: (-663731,5455646) (-308312,5455646) (-663731,5550748) (-308312,5550748) (-475646,5511856)
  orig tex: (0,0) (1024,0) (0,1024) (1024,1024)
  mirr tex: (1024,0) (0,0) (1024,1024) (0,1024)
quad #253 layer=""
  orig points: (734049,5647308) (924729,5647308) (734049,5703982) (924729,5703982) (793630,5669039)
  mirr points: (-578617,5647308) (-387937,5647308) (-578617,5703982) (-387937,5703982) (-447518,5669039)
  orig tex: (0,0) (1024,0) (0,1024) (1024,1024)
  mirr tex: (1024,0) (0,0) (1024,1024) (0,1024)
